8 0 RA D 477348096 135168 3864 000000000 
8 0 RA D 483852944 4096 3864 003514295 
8 0 RA D 483853056 4096 3864 003522138 
8 0 RA D 483853072 4096 3864 003524953 
8 0 RA D 483853184 4096 3864 003527554 
8 0 RA C 477348096 135168 0 003243756 
8 0 RA C 483852944 4096 0 003649595 
8 0 RA C 483853072 4096 0 003660245 
8 0 RA C 483853056 4096 0 003670564 
8 0 RA C 483853184 4096 0 003673552 
8 0 RA C 356831304 4096 0 163230306 
8 0 RA C 356831296 4096 0 164037950 
8 0 RA D 356831304 4096 3581 160350209 
8 0 RA D 356831296 4096 3581 163903728 
8 0 RA D 356831160 4096 3581 183000254 
8 0 RA C 356831160 4096 0 183124693 
8 0 RA D 356831016 4096 3581 183898580 
8 0 RA C 356831016 4096 0 184004499 
8 0 RA D 356830280 4096 3581 184592596 
8 0 RA C 356830280 4096 0 184696500 
8 0 RA D 460894592 16384 4788 331812592 
8 0 RA D 460894624 8192 4788 335094440 
8 0 RA D 460892224 4096 4788 335539604 
8 0 RA D 460893712 4096 4788 335662742 
8 0 RA D 460986408 4096 4788 335801604 
8 0 RA D 460887560 4096 4788 335936585 
8 0 RA D 460986344 4096 4771 336078905 
8 0 RA D 460929912 4096 4771 336094884 
8 0 RA D 460893336 4096 4771 336104930 
8 0 RA D 460894960 4096 4771 336112994 
8 0 RA D 460947344 4096 4771 336120728 
8 0 RA D 460888008 4096 4771 336128436 
8 0 RA D 460893088 4096 4771 336136119 
8 0 RA D 460985272 4096 4771 336143766 
8 0 RA D 460984544 4096 4771 336152929 
8 0 RA D 460894904 4096 4771 336163145 
8 0 RA D 460985640 4096 4771 336173438 
8 0 RA D 460893816 4096 4771 336183883 
8 0 RA D 460985264 4096 4771 336195037 
8 0 RA D 460985336 4096 4771 336205785 
8 0 RA D 460892280 4096 4771 336217182 
8 0 RA D 460892936 4096 4771 336232293 
8 0 RA D 460987072 4096 4771 336241138 
8 0 RA D 460897592 4096 4771 336249691 
8 0 RA D 460897864 4096 4771 336257727 
8 0 RA D 460984800 4096 4771 336265594 
8 0 RA D 461059064 4096 4771 336273124 
8 0 RA D 460986808 4096 4771 336280696 
8 0 RA D 460985672 4096 4771 336288658 
8 0 RA D 460984872 4096 4771 336296498 
8 0 RA D 460897464 4096 4771 336304389 
8 0 RA D 460947424 4096 4771 336313508 
8 0 RA D 460893776 4096 4771 336320904 
8 0 RA D 460986248 4096 4771 336328165 
8 0 RA D 460985432 4096 4771 336337894 
8 0 RA D 460985632 4096 4771 336345486 
8 0 RA D 460987280 4096 4771 336357237 
8 0 RA D 460894328 4096 4771 336365217 
8 0 RA D 460898128 4096 4771 336372621 
8 0 RA D 460985752 4096 4771 336380463 
8 0 RA D 460894864 4096 4771 336387953 
8 0 RA D 460887992 4096 4771 336395408 
8 0 RA D 460893528 4096 4771 336402693 
8 0 RA D 460897768 4096 4771 336410422 
8 0 RA D 460986368 4096 4771 336418272 
8 0 RA D 460897824 4096 4771 336426197 
8 0 RA D 460987008 4096 4771 336435202 
8 0 RA D 460985440 4096 4771 336442952 
8 0 RA D 460975920 4096 4771 336450489 
8 0 RA D 460984408 4096 4771 336458530 
8 0 RA D 460893456 4096 4771 336466249 
8 0 RA D 460984760 4096 4771 336475244 
8 0 RA D 460897880 4096 4771 336482645 
8 0 RA D 460893648 4096 4771 336490483 
8 0 RA D 460987168 4096 4771 336497992 
8 0 RA D 460887928 4096 4771 336505498 
8 0 RA D 460987080 4096 4771 336513258 
8 0 RA D 460887864 4096 4771 336521151 
8 0 RA D 460986680 4096 4771 336528847 
8 0 RA D 460897776 4096 4771 336538002 
8 0 RA D 460894384 4096 4771 336546283 
8 0 RA D 460898192 4096 4771 336553984 
8 0 RA D 460894496 4096 4771 336562293 
8 0 RA D 460984640 4096 4771 336569781 
8 0 RA D 460985840 4096 4771 336579218 
8 0 RA D 460892704 4096 4771 336586723 
8 0 RA D 460897344 4096 4771 336595647 
8 0 RA D 460888016 4096 4771 336604432 
8 0 RA D 460985064 4096 4771 336613467 
8 0 RA D 460984968 4096 4771 336622787 
8 0 RA D 460984320 4096 4771 336630294 
8 0 RA D 460985976 4096 4771 336638044 
8 0 RA D 460894720 4096 4771 336645814 
8 0 RA D 460898168 4096 4771 336653609 
8 0 RA D 460892624 4096 4771 336661184 
8 0 RA D 460985880 4096 4771 336668842 
8 0 RA D 460895072 4096 4771 336677226 
8 0 RA D 460947376 4096 4771 336686002 
8 0 RA D 460893136 4096 4771 336695511 
8 0 RA D 460894432 4096 4771 336703736 
8 0 RA D 460898000 4096 4771 336711602 
8 0 RA D 460895120 4096 4771 336737678 
8 0 RA D 460892352 4096 4771 336746169 
8 0 RA D 460897544 4096 4771 336753841 
8 0 RA D 460986256 4096 4771 336762365 
8 0 RA D 460894232 4096 4771 336771000 
8 0 RA D 460897288 4096 4771 336779046 
8 0 RA D 460984992 4096 4771 336788237 
8 0 RA D 460897936 4096 4771 336796402 
8 0 RA D 460947312 4096 4771 336804873 
8 0 RA D 460892688 4096 4771 336813240 
8 0 RA D 460893904 4096 4771 336820820 
8 0 RA D 460985208 4096 4771 336829187 
8 0 RA D 460894736 4096 4771 336837207 
8 0 RA D 460987224 4096 4771 336845459 
8 0 RA D 460947224 4096 4771 336853273 
8 0 RA D 460985280 4096 4771 336868022 
8 0 RA D 460897448 4096 4771 336885649 
8 0 RA D 460897888 4096 4771 336905162 
8 0 RA D 460893848 4096 4771 336917070 
8 0 RA D 460985944 4096 4771 336925313 
8 0 RA D 460986184 4096 4771 336933253 
8 0 RA D 460893896 4096 4771 336941879 
8 0 RA D 460986560 4096 4771 336951031 
8 0 RA D 460893584 4096 4771 336959963 
8 0 RA D 460985800 4096 4771 336970345 
8 0 RA D 460897744 4096 4771 336980085 
8 0 RA D 460895192 4096 4771 336990200 
8 0 RA D 460986592 4096 4771 337000577 
8 0 RA D 460892904 4096 4771 337010653 
8 0 RA D 460892784 4096 4771 337019133 
8 0 RA D 460897664 4096 4771 337030029 
8 0 RA D 460892872 4096 4771 337038645 
8 0 RA D 460892960 4096 4771 337047671 
8 0 RA D 460929904 4096 4771 337056903 
8 0 RA D 460897752 4096 4771 337065319 
8 0 RA D 460986096 4096 4771 337074105 
8 0 RA D 460887608 4096 4771 337083899 
8 0 RA D 460984944 4096 4771 337094103 
8 0 RA D 460986856 4096 4771 337104506 
8 0 RA D 460892200 4096 4771 337115280 
8 0 RA D 460985824 4096 4771 337123613 
8 0 RA D 460888056 4096 4771 337133386 
8 0 RA D 460894936 4096 4771 337149395 
8 0 RA D 460894112 4096 4771 337157673 
8 0 RA D 460897632 4096 4771 337166303 
8 0 RA D 460887792 4096 4771 337177900 
8 0 RA D 460898184 4096 4771 337186373 
8 0 RA D 460976000 4096 4771 337195968 
8 0 RA D 460893312 4096 4771 337204266 
8 0 RA D 460984456 4096 4771 337212489 
8 0 RA D 460892912 4096 4771 337220367 
8 0 RA D 460893952 4096 4771 337236024 
8 0 RA D 460892160 4096 4771 337244851 
8 0 RA D 460987160 4096 4771 337347789 
8 0 RA D 460975960 4096 4771 337379131 
8 0 RA D 460985952 4096 4771 337400809 
8 0 RA D 460897472 4096 4771 337462291 
8 0 RA D 460887824 4096 4771 337566359 
8 0 RA D 460892520 4096 4771 337575196 
8 0 RA D 460897688 4096 4771 337645391 
8 0 RA D 460898080 4096 4771 337677118 
8 0 RA D 460947440 4096 4771 337706599 
8 0 RA D 460984480 4096 4771 337736658 
8 0 RA D 460984552 4096 4771 337738212 
8 0 RA D 460986944 4096 4771 337827240 
8 0 RA D 460987200 4096 4771 337829075 
8 0 RA D 460894096 4096 4771 337864151 
8 0 RA D 460894576 4096 4771 337898639 
8 0 RA D 460894920 4096 4771 337908897 
8 0 RA D 460892288 4096 4771 338044682 
8 0 RA D 460892448 4096 4771 338053393 
8 0 RA D 460893160 4096 4771 338111594 
8 0 RA D 460893864 4096 4771 338154171 
8 0 RA D 460894224 4096 4771 338176418 
8 0 RA D 460894440 4096 4771 338207960 
8 0 RA D 460894528 4096 4771 338247730 
8 0 RA D 460894544 4096 4771 338250312 
8 0 RA D 460894968 4096 4771 338251933 
8 0 RA D 460897856 4096 4771 338316883 
8 0 RA D 460897944 4096 4771 338319311 
8 0 RA D 460898152 4096 4771 338320118 
8 0 RA D 460898264 4096 4771 338321173 
8 0 RA D 460947432 4096 4771 338322498 
8 0 RA D 460975952 4096 4771 338324016 
8 0 RA D 460984936 4096 4771 338374121 
8 0 RA D 460985424 4096 4771 338414620 
8 0 RA D 460986040 4096 4771 338433953 
8 0 RA D 460892328 4096 4771 338477705 
8 0 RA D 460893064 4096 4771 338499210 
8 0 RA D 460893824 4096 4771 338518080 
8 0 RA D 460895016 4096 4771 338547777 
8 0 RA D 460895032 4096 4771 338557435 
8 0 RA D 460930016 4096 4771 338591323 
8 0 RA D 460930032 4096 4771 338602163 
8 0 RA D 460976048 4096 4771 338610861 
8 0 RA D 460985680 4096 4771 338621735 
8 0 RA D 460986128 4096 4771 338661749 
8 0 RA D 460986768 4096 4771 338682790 
8 0 RA D 460986824 4096 4771 338685446 
8 0 RA D 461058984 4096 4771 338686515 
8 0 RA D 460892584 4096 4771 338708084 
8 0 RA D 460893560 4096 4771 338730544 
8 0 RA D 460893888 4096 4771 338747287 
8 0 RA D 460894048 4096 4771 338748941 
8 0 RA D 460894104 4096 4771 338765131 
8 0 RA D 460985760 4096 4771 338886702 
8 0 RA D 460986232 4096 4771 338907713 
8 0 RA D 460887664 4096 4771 338916199 
8 0 RA D 460887912 4096 4771 338930808 
8 0 RA D 460888032 4096 4771 338941492 
8 0 RA D 460892400 4096 4771 338949823 
8 0 RA D 460893096 4096 4771 338980256 
8 0 RA D 460894000 4096 4771 339001383 
8 0 RA D 460894352 4096 4771 339023231 
8 0 RA D 460929920 4096 4771 339052653 
8 0 RA D 460929968 4096 4771 339062108 
8 0 RA D 460984712 4096 4771 339083666 
8 0 RA D 460984744 4096 4771 339092139 
8 0 RA D 460985768 4096 4771 339114896 
8 0 RA D 460986800 4096 4771 339136984 
8 0 RA D 460986848 4096 4771 339145375 
8 0 RA D 461059032 4096 4771 339181338 
8 0 RA D 460887576 4096 4771 339189634 
8 0 RA D 460887696 4096 4771 339197790 
8 0 RA D 460892744 4096 4771 339220024 
8 0 RA D 460893328 4096 4771 339241183 
8 0 RA D 460893352 4096 4771 339249607 
8 0 RA D 460894304 4096 4771 339271959 
8 0 RA D 460895104 4096 4771 339301415 
8 0 RA D 460897312 4096 4771 339322667 
8 0 RA D 460897336 4096 4771 339331173 
8 0 RA D 460897456 4096 4771 339353826 
8 0 RA D 460984984 4096 4771 339447366 
8 0 RA D 460986072 4096 4771 339490007 
8 0 RA D 460986448 4096 4771 339540626 
8 0 RA D 460986464 4096 4771 339552710 
8 0 RA D 460986904 4096 4771 339561353 
8 0 RA D 460987024 4096 4771 339580665 
8 0 RA D 460987112 4096 4771 339591836 
8 0 RA D 461058960 4096 4771 339611546 
8 0 RA D 460887552 4096 4771 339622240 
8 0 RA D 460887896 4096 4771 339656073 
8 0 RA D 460887944 4096 4771 339664226 
8 0 RA D 460892336 4096 4771 339717680 
8 0 RA D 460892648 4096 4771 339739427 
8 0 RA D 460892896 4096 4771 339748991 
8 0 RA D 460893992 4096 4771 339845607 
8 0 RA D 460894120 4096 4771 339848550 
8 0 RA D 460894136 4096 4771 339859678 
8 0 RA D 460894832 4096 4771 339869836 
8 0 RA D 460895152 4096 4771 339892240 
8 0 RA D 460897408 4096 4771 339921618 
8 0 RA D 460897808 4096 4771 339929799 
8 0 RA D 460898072 4096 4771 339971381 
8 0 RA D 460976096 4096 4771 339993254 
8 0 RA D 460984496 4096 4771 340004634 
8 0 RA D 460985000 4096 4771 340046827 
8 0 RA D 460985400 4096 4771 340055007 
8 0 RA D 460986160 4096 4771 340096767 
8 0 RA D 460986176 4096 4771 340105379 
8 0 RA D 460986456 4096 4771 340140801 
8 0 RA D 460987056 4096 4771 340177703 
8 0 RA D 460987304 4096 4771 340198698 
8 0 RA D 460894296 4096 4771 340405428 
8 0 RA D 460897720 4096 4771 340490654 
8 0 RA D 460984736 4096 4771 340570003 
8 0 RA D 460985240 4096 4771 340583638 
8 0 RA D 460985352 4096 4771 340637981 
8 0 RA D 460985416 4096 4771 340649620 
8 0 RA D 460986488 4096 4771 340723924 
8 0 RA D 460987048 4096 4771 340753298 
8 0 RA D 460893024 4096 4771 340820511 
8 0 RA D 460893504 8192 4771 340851047 
8 0 RA D 460893608 4096 4771 340863429 
8 0 RA D 460893680 4096 4771 340874797 
8 0 RA D 460893704 4096 4771 340886708 
8 0 RA D 460894240 4096 4771 340905964 
8 0 RA D 460894976 4096 4771 340926341 
8 0 RA D 460897536 4096 4771 340946399 
8 0 RA D 460897712 4096 4771 340969290 
8 0 RA D 460930024 4096 4771 341019752 
8 0 RA D 460947352 4096 4771 341067841 
8 0 RA D 460984600 4096 4771 341148932 
8 0 RA D 460984824 4096 4771 341154056 
8 0 RA D 460984848 4096 4771 341157662 
8 0 RA D 460985232 4096 4771 341160404 
8 0 RA D 460986264 4096 4771 341188909 
8 0 RA D 460897696 4096 4771 341241575 
8 0 RA D 460897800 4096 4771 341247499 
8 0 RA D 460898272 4096 4771 341329857 
8 0 RA D 460986976 4096 4771 341333105 
8 0 RA D 460892480 4096 4771 341334595 
8 0 RA D 460893400 4096 4771 341337574 
8 0 RA D 460895176 4096 4771 341341619 
8 0 RA D 460985120 4096 4771 341368412 
8 0 RA D 460893080 4096 4771 341393824 
8 0 RA D 460892616 4096 4771 341415062 
8 0 RA D 460898088 4096 4771 341442832 
8 0 RA D 460893016 4096 4771 341472750 
8 0 RA D 460898248 4096 4771 341501213 
8 0 RA D 460987000 4096 4771 341530469 
8 0 RA D 460894448 4096 4771 341561173 
8 0 RA D 460986432 4096 4771 341584547 
8 0 RA D 460887960 4096 4771 341612574 
8 0 RA D 460893808 4096 4771 341640446 
8 0 RA D 460888040 4096 4771 341665418 
8 0 RA D 460986608 4096 4771 341699884 
8 0 RA D 460893576 4096 4771 341723762 
8 0 RA D 460987328 4096 4771 341746230 
8 0 RA D 460894056 4096 4771 341860873 
8 0 RA D 460893784 4096 4771 341918559 
8 0 RA D 460985736 4096 4771 341956885 
8 0 RA D 460984448 4096 4771 341985281 
8 0 RA D 460986520 4096 4771 342015710 
8 0 RA D 460894344 4096 4771 342039379 
8 0 RA D 460894040 4096 4771 342069877 
8 0 RA D 460893392 4096 4771 342086473 
8 0 RA D 460894312 4096 4771 342194516 
8 0 RA D 460888048 4096 4771 342207316 
8 0 RA D 460984328 4096 4771 342217705 
8 0 RA D 460984400 4096 4771 342228870 
8 0 RA D 460985648 4096 4771 342241989 
8 0 RA D 460894856 4096 4771 342255045 
8 0 RA D 460893656 4096 4771 342265676 
8 0 RA D 460892800 4096 4771 342276152 
8 0 RA D 460893496 4096 4771 342288699 
8 0 RA D 460985960 4096 4771 342300554 
8 0 RA D 460892768 4096 4771 342311643 
8 0 RA D 460895128 4096 4771 342335948 
8 0 RA D 460892680 4096 4771 342347604 
8 0 RA D 460984728 4096 4771 342358991 
8 0 RA D 460986424 4096 4771 342369293 
8 0 RA D 460893488 4096 4771 342382114 
8 0 RA D 460947392 4096 4771 342392933 
8 0 RA D 460984664 4096 4771 342403684 
8 0 RA D 460985848 4096 4771 342414292 
8 0 RA D 460897304 4096 4771 342427172 
8 0 RA D 460985184 4096 4771 342438689 
8 0 RA D 460976112 4096 4771 342449342 
8 0 RA D 460892368 4096 4771 342466668 
8 0 RA D 460892360 4096 4771 342478691 
8 0 RA D 460984704 4096 4771 342490834 
8 0 RA D 460898120 4096 4771 342501395 
8 0 RA D 460894192 4096 4771 342511703 
8 0 RA D 460987096 4096 4771 342523390 
8 0 RA D 460985192 4096 4771 342533723 
8 0 RA D 460898232 4096 4771 342544682 
8 0 RA D 460986616 4096 4771 342555567 
8 0 RA D 460975968 4096 4771 342565963 
8 0 RA D 460898280 4096 4771 342576379 
8 0 RA D 460892928 4096 4771 342588160 
8 0 RA D 460894536 4096 4771 342600868 
8 0 RA D 460984424 4096 4771 342611938 
8 0 RA D 460987368 4096 4771 342622724 
8 0 RA D 460984784 4096 4771 342632696 
8 0 RA D 460895184 4096 4771 342642262 
8 0 RA D 460893072 4096 4771 342652450 
8 0 RA D 460985720 4096 4771 342663677 
8 0 RA D 460984960 4096 4771 342675150 
8 0 RA D 460975928 4096 4771 342685898 
8 0 RA D 460987176 4096 4771 342697885 
8 0 RA D 460893040 4096 4771 342708358 
8 0 RA D 460987120 4096 4771 342718979 
8 0 RA D 460887832 4096 4771 342729465 
8 0 RA D 460894840 4096 4771 342741486 
8 0 RA D 460894728 4096 4771 342751632 
8 0 RA D 460897376 4096 4771 342763766 
8 0 RA D 460894032 4096 4771 342776040 
8 0 RA D 460985664 4096 4771 342785965 
8 0 RA D 460985696 4096 4771 342795883 
8 0 RA D 460892216 4096 4771 342806191 
8 0 RA D 460887648 4096 4771 342816302 
8 0 RA D 460894320 4096 4771 342826562 
8 0 RA D 460893240 4096 4771 342837855 
8 0 RA D 460893696 4096 4771 342848053 
8 0 RA D 460898024 4096 4771 342857625 
8 0 RA D 460984624 4096 4771 342867784 
8 0 RA D 460888024 4096 4771 342879082 
8 0 RA D 460985384 4096 4771 342888644 
8 0 RA D 460887672 4096 4771 342898880 
8 0 RA D 460897656 4096 4771 342909116 
8 0 RA D 460892176 4096 4771 342921336 
8 0 RA D 460887744 4096 4771 342932345 
8 0 RA D 460892240 4096 4771 342942294 
8 0 RA D 460897568 4096 4771 342951818 
8 0 RA D 460887600 4096 4771 342962180 
8 0 RA D 460986936 4096 4771 342974522 
8 0 RA D 460947304 4096 4771 342984547 
8 0 RA D 460987208 4096 4771 342994888 
8 0 RA D 460986552 4096 4771 343006607 
8 0 RA D 460897552 4096 4771 343019466 
8 0 RA D 460894152 4096 4771 343035135 
8 0 RA D 460887592 4096 4771 343051732 
8 0 RA D 460892848 4096 4771 343064518 
8 0 RA D 460986984 4096 4771 343074871 
8 0 RA D 460897928 4096 4771 343086063 
8 0 RA D 460985008 4096 4771 343098529 
8 0 RA D 460892656 4096 4771 343109466 
8 0 RA D 460929936 4096 4771 343120584 
8 0 RA D 460975944 4096 4771 343131141 
8 0 RA D 460894160 4096 4771 343141048 
8 0 RA D 460897520 4096 4771 343152035 
8 0 RA D 460984488 4096 4771 343168834 
8 0 RA D 460985448 4096 4771 343180252 
8 0 RA D 460986304 4096 4771 343190114 
8 0 RA D 460986272 4096 4771 343201619 
8 0 RA D 460985984 4096 4771 343211462 
8 0 RA D 460986440 4096 4771 343221937 
8 0 RA D 460898016 4096 4771 343232539 
8 0 RA D 460976024 4096 4771 343243732 
8 0 RA D 460986056 4096 4771 343254078 
8 0 RA D 460985408 4096 4771 343266321 
8 0 RA D 460984648 4096 4771 343277044 
8 0 RA D 460892208 4096 4771 343286909 
8 0 RA D 460887616 4096 4771 343296387 
8 0 RA D 460986872 4096 4771 343306426 
8 0 RA D 460895224 4096 4771 343316092 
8 0 RA D 460986480 4096 4771 343328286 
8 0 RA D 460985368 4096 4771 343337938 
8 0 RA D 460887784 4096 4771 343347812 
8 0 RA D 460986400 4096 4771 343358757 
8 0 RA D 460888000 4096 4771 343369664 
8 0 RA D 460897432 4096 4771 343378995 
8 0 RA D 460893480 4096 4771 343388474 
8 0 RA D 460897400 4096 4771 343398175 
8 0 RA D 460894568 4096 4771 343407667 
8 0 RA D 460984504 4096 4771 343420318 
8 0 RA D 460929960 4096 4771 343430484 
8 0 RA D 460986672 4096 4771 343440494 
8 0 RA D 460894080 4096 4771 343450415 
8 0 RA D 460986776 4096 4771 343460590 
8 0 RA D 460984768 4096 4771 343484100 
8 0 RA D 460984368 4096 4771 343495617 
8 0 RA D 460887624 4096 4771 343505819 
8 0 RA D 460987344 4096 4771 343516204 
8 0 RA D 460930000 4096 4771 343525758 
8 0 RA D 460985656 4096 4771 343535486 
8 0 RA D 460893856 4096 4771 343549564 
8 0 RA D 460986568 4096 4771 343561929 
8 0 RA D 460893416 4096 4771 343571836 
8 0 RA D 460897480 4096 4771 343581360 
8 0 RA D 460987320 4096 4771 343593097 
8 0 RA D 460894480 4096 4771 343603296 
8 0 RA D 460898136 4096 4771 343613900 
8 0 RA D 460987040 4096 4771 343623913 
8 0 RA D 460985040 4096 4771 343634734 
8 0 RA D 460893672 4096 4771 343645143 
8 0 RA D 460976016 4096 4771 343654657 
8 0 RA D 460986512 4096 4771 343666148 
8 0 RA D 460894520 4096 4771 343676434 
8 0 RA D 460887880 4096 4771 343687084 
8 0 RA D 460893592 4096 4771 343696827 
8 0 RA D 460893128 4096 4771 343706220 
8 0 RA D 460985808 4096 4771 343719071 
8 0 RA D 460947240 4096 4771 343730017 
8 0 RA D 460985200 4096 4771 343741326 
8 0 RA D 460887712 4096 4771 343754234 
8 0 RA D 460893048 4096 4771 343764145 
8 0 RA D 460985888 4096 4771 343774240 
8 0 RA D 460986336 4096 4771 343784353 
8 0 RA D 460894816 4096 4771 343794197 
8 0 RA D 460894888 4096 4771 343803798 
8 0 RA D 460985392 4096 4771 343814090 
8 0 RA D 460985296 4096 4771 343824734 
8 0 RA D 460898160 4096 4771 343835206 
8 0 RA D 460894200 4096 4771 343851422 
8 0 RA D 460984864 4096 4771 343862807 
8 0 RA D 460898104 4096 4771 343873662 
8 0 RA D 460986376 4096 4771 343884845 
8 0 RA D 460985104 4096 4771 343902843 
8 0 RA D 460887888 4096 4771 343915569 
8 0 RA D 460892664 4096 4771 343931479 
8 0 RA D 460887760 4096 4771 343945281 
8 0 RA D 460987256 4096 4771 343955416 
8 0 RA D 460976080 4096 4771 343966034 
8 0 RA D 460898208 4096 4771 343976453 
8 0 RA D 460985016 4096 4771 343987569 
8 0 RA D 460893032 4096 4771 343997481 
8 0 RA D 460897784 4096 4771 344007530 
8 0 RA D 460892512 4096 4771 344017723 
8 0 RA D 460897416 4096 4771 344028159 
8 0 RA D 460985320 4096 4771 344038377 
8 0 RA D 460985032 4096 4771 344049117 
8 0 RA D 460984656 4096 4771 344059268 
8 0 RA D 460894272 4096 4771 344068922 
8 0 RA D 460897624 4096 4771 344080126 
8 0 RA D 460887904 4096 4771 344092938 
8 0 RA D 460985176 4096 4771 344104137 
8 0 RA D 460887688 4096 4771 344114369 
8 0 RA D 460984840 4096 4771 344124642 
8 0 RA D 460985592 4096 4771 344134232 
8 0 RA D 460887840 4096 4771 344144463 
8 0 RA D 460897576 4096 4771 344155057 
8 0 RA D 460898056 4096 4771 344166289 
8 0 RA D 460986648 4096 4771 344177638 
8 0 RA D 460986320 4096 4771 344188026 
8 0 RA D 460984688 4096 4771 344198492 
8 0 RA D 460887584 4096 4771 344208887 
8 0 RA D 460895112 4096 4771 344218890 
8 0 RA D 460985872 4096 4771 344228866 
8 0 RA D 460947384 4096 4771 344239515 
8 0 RA D 460986584 4096 4771 344253075 
8 0 RA D 460947288 4096 4771 344263355 
8 0 RA D 460898224 4096 4771 344273380 
8 0 RA D 460976104 4096 4771 344283883 
8 0 RA D 460893144 4096 4771 344293580 
8 0 RA D 460894184 4096 4771 344304202 
8 0 RA D 460894560 4096 4771 344314025 
8 0 RA D 460984520 4096 4771 344323846 
8 0 RA D 460894128 4096 4771 344333856 
8 0 RA D 460892920 4096 4771 344344582 
8 0 RA D 460892672 4096 4771 344354992 
8 0 RA D 460975992 4096 4771 344364740 
8 0 RA D 460898256 4096 4771 344375357 
8 0 RA D 460894512 4096 4771 344386353 
8 0 RA D 460897504 4096 4771 344396007 
8 0 RA D 460986704 4096 4771 344408752 
8 0 RA D 460892560 4096 4771 344420420 
8 0 RA D 460893664 4096 4771 344430272 
8 0 RA D 460894912 4096 4771 344440187 
8 0 RA D 460892392 4096 4771 344450652 
8 0 RA D 460895056 4096 4771 344462175 
8 0 RA D 460985248 4096 4771 344472669 
8 0 RA D 460892504 4096 4771 344483083 
8 0 RA D 460986600 4096 4771 344493391 
8 0 RA D 460985536 4096 4771 344503966 
8 0 RA D 460984896 4096 4771 344513632 
8 0 RA D 460893968 4096 4771 344523526 
8 0 RA D 460987264 4096 4771 344540146 
8 0 RA D 460892304 4096 4771 344550715 
8 0 RA D 460897992 4096 4771 344561691 
8 0 RA D 460897280 4096 4771 344574293 
8 0 RA D 460947400 4096 4771 344584804 
8 0 RA D 460887776 4096 4771 344596757 
8 0 RA D 460894552 4096 4771 344607155 
8 0 RA D 460893920 4096 4771 344617294 
8 0 RA D 460894800 4096 4771 344627903 
8 0 RA C 460894592 16384 0 334666271 
8 0 RA C 460894624 8192 0 335219046 
8 0 RA C 460892224 4096 843 335638755 
8 0 RA C 460893712 4096 843 335779172 
8 0 RA C 460986408 4096 843 335916016 
8 0 RA C 460887560 4096 0 336051165 
8 0 RA C 460986344 4096 0 336178926 
8 0 RA C 460929912 4096 4788 336210636 
8 0 RA C 460893336 4096 4788 336218415 
8 0 RA C 460894960 4096 4788 336228650 
8 0 RA C 460947344 4096 4788 336238659 
8 0 RA C 460985272 4096 4788 336248913 
8 0 RA C 460888008 4096 0 336283473 
8 0 RA C 460985640 4096 4788 336297126 
8 0 RA C 460894904 4096 0 336306458 
8 0 RA C 460985264 4096 0 336319751 
8 0 RA C 460893088 4096 0 336330108 
8 0 RA C 460985336 4096 4788 336347954 
8 0 RA C 460893816 4096 0 336368787 
8 0 RA C 460984544 4096 0 336377287 
8 0 RA C 460892936 4096 4788 336387250 
8 0 RA C 460897864 4096 4788 336398127 
8 0 RA C 460892280 4096 4788 336407949 
8 0 RA C 461059064 4096 4788 336418053 
8 0 RA C 460897592 4096 4788 336428815 
8 0 RA C 460986808 4096 4788 336438761 
8 0 RA C 460984800 4096 4788 336449181 
8 0 RA C 460987072 4096 4788 336458952 
8 0 RA C 460985672 4096 4788 336470069 
8 0 RA C 460984872 4096 4788 336479724 
8 0 RA C 460947424 4096 4788 336490384 
8 0 RA C 460985432 4096 4788 336500709 
8 0 RA C 460986248 4096 4788 336510453 
8 0 RA C 460894328 4096 4788 336520445 
8 0 RA C 460893776 4096 4788 336530675 
8 0 RA C 460898128 4096 4788 336541012 
8 0 RA C 460897464 4096 4788 336551545 
8 0 RA C 460987280 4096 4788 336561875 
8 0 RA C 460985752 4096 4788 336571842 
8 0 RA C 460985632 4096 4788 336581957 
8 0 RA C 460897768 4096 4788 336593912 
8 0 RA C 460986368 4096 4788 336604168 
8 0 RA C 460887992 4096 4788 336615081 
8 0 RA C 460893528 4096 4788 336625300 
8 0 RA C 460894864 4096 4788 336634982 
8 0 RA C 460984408 4096 4788 336646899 
8 0 RA C 460987008 4096 4788 336657040 
8 0 RA C 460984760 4096 4788 336667199 
8 0 RA C 460897824 4096 4788 336680137 
8 0 RA C 460987168 4096 4788 336687565 
8 0 RA C 460893456 4096 4788 336698290 
8 0 RA C 460975920 4096 4788 336708656 
8 0 RA C 460887928 4096 4788 336720156 
8 0 RA C 460985440 4096 4788 336733472 
8 0 RA C 460986680 4096 4788 336740799 
8 0 RA C 460987080 4096 4788 336750393 
8 0 RA C 460893648 4096 4788 336760945 
8 0 RA C 460894384 4096 4788 336770683 
8 0 RA C 460897880 4096 4788 336781798 
8 0 RA C 460898192 4096 4788 336791230 
8 0 RA C 460897776 4096 4788 336801120 
8 0 RA C 460887864 4096 4788 336811131 
8 0 RA C 460984640 4096 4788 336821292 
8 0 RA C 460897344 4096 4788 336831942 
8 0 RA C 460888016 4096 4788 336841468 
8 0 RA C 460892704 4096 4788 336851658 
8 0 RA C 460984968 4096 4788 336868099 
8 0 RA C 460894432 4096 4788 336876227 
8 0 RA C 460894496 4096 4788 336909490 
8 0 RA C 460984320 4096 4788 336913069 
8 0 RA C 460985840 4096 4788 336920197 
8 0 RA C 460898168 4096 4788 336930222 
8 0 RA C 460898000 4096 4788 336941329 
8 0 RA C 460894720 4096 4788 336951242 
8 0 RA C 460892624 4096 4788 336961959 
8 0 RA C 460985064 4096 4788 336972176 
8 0 RA C 460985880 4096 4788 336981890 
8 0 RA C 460894736 4096 4788 336991995 
8 0 RA C 460986256 4096 4788 337002747 
8 0 RA C 460897288 4096 4788 337013784 
8 0 RA C 460984992 4096 4788 337024190 
8 0 RA C 460894232 4096 4788 337034814 
8 0 RA C 460985976 4096 4788 337044469 
8 0 RA C 460897936 4096 4788 337055625 
8 0 RA C 460893136 4096 4788 337065505 
8 0 RA C 460895072 4096 4788 337075407 
8 0 RA C 460985280 4096 4788 337085886 
8 0 RA C 460987224 4096 4788 337095782 
8 0 RA C 460947224 4096 4788 337106081 
8 0 RA C 460897448 4096 4788 337115775 
8 0 RA C 460947376 4096 4788 337126486 
8 0 RA C 460893904 4096 4788 337136319 
8 0 RA C 460892688 4096 4788 337147789 
8 0 RA C 460893584 4096 4788 337157899 
8 0 RA C 460897888 4096 4788 337167948 
8 0 RA C 460892352 4096 4788 337178201 
8 0 RA C 460893896 4096 4788 337188120 
8 0 RA C 460895120 4096 4788 337198673 
8 0 RA C 460897544 4096 4788 337210010 
8 0 RA C 460947312 4096 4788 337219477 
8 0 RA C 460893848 4096 4788 337229808 
8 0 RA C 460897744 4096 221 337242850 
8 0 RA C 460985208 4096 4788 337250246 
8 0 RA D 460894392 4096 221 337253775 
8 0 RA C 460985800 4096 4788 337260658 
8 0 RA D 461059000 4096 221 337263593 
8 0 RA C 460895192 4096 4788 337271080 
8 0 RA D 460893176 4096 221 337274330 
8 0 RA C 460986592 4096 4788 337281042 
8 0 RA D 460893912 4096 221 337284049 
8 0 RA C 460892784 4096 4788 337291311 
8 0 RA D 460986416 4096 221 337293891 
8 0 RA C 460929904 4096 4788 337305337 
8 0 RA D 460892720 4096 221 337308156 
8 0 RA C 460986856 4096 4788 337315069 
8 0 RA D 460897560 4096 221 337321104 
8 0 RA C 460887608 4096 4788 337325495 
8 0 RA D 460986792 4096 221 337328142 
8 0 RA C 460888056 4096 4788 337335519 
8 0 RA D 460986992 4096 221 337338578 
8 0 RA C 460986184 4096 4788 337345591 
8 0 RA C 460897752 4096 4788 337358203 
8 0 RA D 460892456 4096 221 337360976 
8 0 RA C 460897664 4096 4788 337366353 
8 0 RA D 460929944 4096 221 337368998 
8 0 RA C 460986560 4096 4788 337378102 
8 0 RA C 460892200 4096 4788 337389030 
8 0 RA D 460985928 4096 221 337391957 
8 0 RA C 460985944 4096 4788 337398556 
8 0 RA C 460984944 4096 4788 337409279 
8 0 RA D 460986536 4096 221 337411813 
8 0 RA C 460894936 4096 4788 337419132 
8 0 RA D 460986656 4096 221 337421854 
8 0 RA C 460892872 4096 4788 337430187 
8 0 RA D 460986752 4096 221 337432818 
8 0 RA C 460986096 4096 4788 337440137 
8 0 RA D 460986864 4096 221 337443251 
8 0 RA C 460894112 4096 4788 337450049 
8 0 RA D 460897296 4096 221 337452625 
8 0 RA C 460892904 4096 4788 337460493 
8 0 RA C 460887792 4096 4788 337471226 
8 0 RA D 460897648 4096 221 337474253 
8 0 RA C 460898184 4096 4788 337481018 
8 0 RA D 460898288 4096 221 337484026 
8 0 RA C 460892960 4096 4788 337490962 
8 0 RA D 460947232 4096 221 337493754 
8 0 RA C 460985824 4096 4788 337501090 
8 0 RA D 460984360 4096 221 337504101 
8 0 RA C 460892160 4096 4788 337511441 
8 0 RA D 460984672 4096 221 337514330 
8 0 RA C 460893312 4096 4788 337521792 
8 0 RA D 460985080 4096 221 337524390 
8 0 RA C 461059000 4096 4788 337533393 
8 0 RA D 460985784 4096 221 337536238 
8 0 RA C 460893952 4096 4788 337543580 
8 0 RA D 460987360 4096 221 337545996 
8 0 RA C 460893176 4096 4788 337553209 
8 0 RA D 460887736 4096 221 337556659 
8 0 RA C 460897632 4096 4788 337563471 
8 0 RA C 460984456 4096 4788 337573676 
8 0 RA C 460986416 4096 4788 337584173 
8 0 RA D 460893624 4096 221 337586655 
8 0 RA C 460976000 4096 4788 337594051 
8 0 RA D 460893720 4096 221 337596863 
8 0 RA C 460894392 4096 4788 337604139 
8 0 RA D 460894776 4096 221 337607051 
8 0 RA C 460986992 4096 4788 337614540 
8 0 RA D 460894992 4096 221 337617394 
8 0 RA C 460986752 4096 4788 337624614 
8 0 RA D 460897320 4096 221 337627276 
8 0 RA C 460892720 4096 4788 337634439 
8 0 RA D 460897360 4096 221 337637467 
8 0 RA C 460986792 4096 4788 337644459 
8 0 RA C 460892456 4096 4788 337654599 
8 0 RA D 460897728 4096 221 337657395 
8 0 RA C 460897560 4096 4788 337665173 
8 0 RA D 460897760 4096 221 337668131 
8 0 RA C 460929944 4096 4788 337675423 
8 0 RA C 460987160 4096 4788 337685462 
8 0 RA D 460898096 4096 221 337688164 
8 0 RA C 460985952 4096 4788 337695809 
8 0 RA D 460947296 4096 221 337698402 
8 0 RA C 460985928 4096 4788 337705529 
8 0 RA C 460897472 4096 4788 337716977 
8 0 RA D 460976072 4096 221 337720005 
8 0 RA C 460893912 4096 4788 337731601 
8 0 RA C 460897648 4096 221 337736705 
8 0 RA C 460897296 4096 4788 337749008 
8 0 RA D 460985584 4096 221 337751755 
8 0 RA C 460986536 4096 4788 337762297 
8 0 RA D 460985744 4096 221 337764981 
8 0 RA C 460892912 4096 4788 337799871 
8 0 RA C 460986656 4096 4788 337802213 
8 0 RA C 460898288 4096 4788 337803363 
8 0 RA D 460986528 4096 221 337812207 
8 0 RA D 460986624 4096 221 337815039 
8 0 RA D 460986760 4096 221 337816216 
8 0 RA C 460985080 4096 10 337821803 
8 0 RA C 460975960 4096 10 337823228 
8 0 RA C 460984360 4096 10 337834264 
8 0 RA D 460892880 8192 221 337837619 
8 0 RA C 460987360 4096 4788 337843055 
8 0 RA D 460893544 8192 221 337848421 
8 0 RA C 460887824 4096 4788 337852924 
8 0 RA D 460893736 4096 221 337855616 
8 0 RA C 460887736 4096 4788 337863059 
8 0 RA C 460984672 4096 4788 337874458 
8 0 RA D 460894280 4096 221 337877331 
8 0 RA C 460986864 4096 4788 337887009 
8 0 RA D 460894360 4096 221 337889915 
8 0 RA C 460897360 4096 4788 337896656 
8 0 RA C 460985784 4096 4788 337906801 
8 0 RA C 460892520 4096 4788 337917027 
8 0 RA D 460895040 4096 221 337919796 
8 0 RA C 460893720 4096 4788 337927288 
8 0 RA D 460947256 4096 221 337930008 
8 0 RA C 460893624 4096 4788 337937644 
8 0 RA D 460976120 4096 221 337940132 
8 0 RA C 460897688 4096 4788 337947886 
8 0 RA D 460984352 4096 221 337950753 
8 0 RA C 460947232 4096 4788 337957828 
8 0 RA D 460984432 4096 221 337960892 
8 0 RA C 460894776 4096 4788 337968061 
8 0 RA D 460985288 4096 221 337970431 
8 0 RA C 460898080 4096 4788 337979250 
8 0 RA D 460985544 4096 221 337982173 
8 0 RA C 460984480 4096 4788 337989285 
8 0 RA D 460985728 4096 221 337992014 
8 0 RA C 460894992 4096 4788 337999323 
8 0 RA D 460986120 4096 221 338002412 
8 0 RA C 460897728 4096 4788 338009927 
8 0 RA D 460986152 4096 221 338012524 
8 0 RA C 460987200 4096 4788 338019715 
8 0 RA D 460987240 4096 221 338022858 
8 0 RA C 460897320 4096 4788 338030726 
8 0 RA D 460892184 4096 221 338033786 
8 0 RA C 460947440 4096 4788 338043119 
8 0 RA C 460947296 4096 4788 338051543 
8 0 RA C 460976072 4096 4788 338062493 
8 0 RA D 460892576 4096 221 338065500 
8 0 RA C 460986760 4096 4788 338072459 
8 0 RA D 460892600 4096 221 338075815 
8 0 RA C 460985744 4096 4788 338082644 
8 0 RA D 460892792 4096 221 338085526 
8 0 RA C 460898096 4096 4788 338092548 
8 0 RA D 460892976 4096 221 338095705 
8 0 RA C 460892880 8192 4788 338110079 
8 0 RA C 460985584 4096 4788 338122413 
8 0 RA D 460893232 4096 221 338125497 
8 0 RA C 460893736 4096 4788 338132571 
8 0 RA D 460893616 4096 221 338135647 
8 0 RA C 460897760 4096 4788 338142347 
8 0 RA D 460893768 4096 221 338145633 
8 0 RA C 460986528 4096 4788 338152799 
8 0 RA C 460986944 4096 4788 338162641 
8 0 RA D 460894144 4096 221 338168495 
8 0 RA C 460895040 4096 4788 338173961 
8 0 RA C 460894360 4096 4788 338184305 
8 0 RA D 460894400 4096 221 338188344 
8 0 RA C 460893544 8192 4788 338204423 
8 0 RA C 460986624 4096 10 338228478 
8 0 RA C 460894920 4096 10 338237653 
8 0 RA C 460984552 4096 10 338247587 
8 0 RA C 460984432 4096 10 338250458 
8 0 RA C 460947256 4096 10 338277474 
8 0 RA C 460894280 4096 10 338281529 
8 0 RA C 460984352 4096 10 338288455 
8 0 RA C 460894096 4096 10 338291301 
8 0 RA C 460985288 4096 10 338301753 
8 0 RA C 460894576 4096 10 338310896 
8 0 RA C 460976120 4096 10 338316641 
8 0 RA D 460947368 4096 221 338322628 
8 0 RA C 460892184 4096 221 338328166 
8 0 RA D 460975976 4096 221 338330859 
8 0 RA D 460976008 4096 221 338332274 
8 0 RA C 460985728 4096 4788 338341418 
8 0 RA C 460986120 4096 221 338350614 
8 0 RA D 460976064 4096 221 338352498 
8 0 RA D 460984696 4096 221 338354488 
8 0 RA C 460892448 4096 4788 338360688 
8 0 RA D 460984792 4096 221 338365096 
8 0 RA C 460987240 4096 4788 338372308 
8 0 RA C 460986152 4096 4788 338382345 
8 0 RA D 460985096 4096 221 338386230 
8 0 RA C 460892976 4096 4788 338392389 
8 0 RA D 460985168 4096 221 338396577 
8 0 RA C 460892288 4096 4788 338402548 
8 0 RA D 460985312 4096 221 338407383 
8 0 RA C 460985544 4096 221 338411408 
8 0 RA C 460892600 4096 4788 338422081 
8 0 RA D 460985560 4096 221 338426004 
8 0 RA C 460893768 4096 4788 338432140 
8 0 RA C 460894400 4096 4788 338443341 
8 0 RA D 460986840 4096 221 338448250 
8 0 RA C 460893160 4096 4788 338453606 
8 0 RA D 461059016 8192 221 338459536 
8 0 RA C 460892792 4096 221 338463603 
8 0 RA D 460887984 4096 221 338465820 
8 0 RA C 460892576 4096 4788 338475719 
8 0 RA C 460893864 4096 4788 338486300 
8 0 RA D 460892944 4096 221 338490062 
8 0 RA C 460894544 4096 221 338494498 
8 0 RA C 460894968 4096 4788 338504997 
8 0 RA D 460893344 4096 221 338511347 
8 0 RA C 460893616 4096 221 338514716 
8 0 RA C 460894144 4096 4788 338525390 
8 0 RA C 460893232 4096 221 338535694 
8 0 RA D 460894288 4096 221 338537343 
8 0 RA D 460893760 4096 4771 344652158 
8 0 RA D 460892608 4096 4771 344663465 
8 0 RA D 460897680 4096 4771 344674484 
8 0 RA D 460985936 4096 4771 344685506 
8 0 RA D 460893360 4096 4771 344695234 
8 0 RA D 460892464 4096 4771 344705419 
8 0 RA D 460986816 4096 4771 344715163 
8 0 RA D 460986952 4096 4771 344725780 
8 0 RA D 460892264 4096 4771 344735783 
8 0 RA D 460986280 4096 4771 344747978 
8 0 RA D 460986112 4096 4771 344758208 
8 0 RA D 460986632 4096 4771 344770900 
8 0 RA D 460894168 4096 4771 344799877 
8 0 RA D 460893384 4096 4771 344821338 
8 0 RA D 460984816 4096 4771 344831960 
8 0 RA D 460897496 4096 4771 344842317 
8 0 RA D 460892592 4096 4771 344851952 
8 0 RA D 460984336 4096 4771 344863694 
8 0 RA D 460893152 4096 4771 344876198 
8 0 RA D 460985224 4096 4771 344886109 
8 0 RA D 460895008 4096 4771 344895992 
8 0 RA D 460892816 4096 4771 344905399 
8 0 RA D 460986496 4096 4771 344916247 
8 0 RA D 460985144 4096 4771 344926293 
8 0 RA D 460986968 4096 4771 344938459 
8 0 RA D 460895136 4096 4771 344948316 
8 0 RA D 460898064 4096 4771 344958833 
8 0 RA D 460898144 4096 4771 344968556 
8 0 RA D 460893640 4096 4771 344979453 
8 0 RA D 460986888 4096 4771 344989749 
8 0 RA D 460897952 4096 4771 345000056 
8 0 RA D 460892808 4096 4771 345009946 
8 0 RA D 460893568 4096 4771 345019829 
8 0 RA D 460892344 4096 4771 345030701 
8 0 RA D 460894872 4096 4771 345041254 
8 0 RA D 460892568 4096 4771 345052414 
8 0 RA D 460894264 4096 4771 345063144 
8 0 RA D 460892272 4096 4771 345073937 
8 0 RA D 460985992 4096 4771 345086132 
8 0 RA D 460893960 4096 4771 345100580 
8 0 RA D 460887720 4096 4771 345112034 
8 0 RA D 460893936 4096 4771 345123388 
8 0 RA D 460887640 4096 4771 345134025 
8 0 RA D 460976056 4096 4771 345141766 
8 0 RA D 460894376 4096 4771 345150554 
8 0 RA D 460986920 4096 4771 345158033 
8 0 RA D 460897640 4096 4771 345166012 
8 0 RA D 460986312 4096 4771 345173343 
8 0 RA D 460987152 4096 4771 345180892 
8 0 RA D 460985776 4096 4771 345188765 
8 0 RA D 460892384 4096 4771 345196281 
8 0 RA D 460985088 4096 4771 345204135 
8 0 RA D 460892232 4096 4771 345211679 
8 0 RA D 460984904 4096 4771 345219032 
8 0 RA D 460986728 4096 4771 345233521 
8 0 RA D 460986392 4096 4771 345241510 
8 0 RA D 460984808 4096 4771 345249154 
8 0 RA D 461058976 4096 4771 345256577 
8 0 RA D 460985920 4096 4771 345330377 
8 0 RA D 460893800 4096 4771 345338951 
8 0 RA D 460893104 4096 4771 345347918 
8 0 RA D 460895088 4096 4771 345356326 
8 0 RA D 460986472 4096 4771 345363885 
8 0 RA D 460893632 4096 4771 345371765 
8 0 RA D 460985136 4096 4771 345379906 
8 0 RA D 460987384 4096 4771 345391587 
8 0 RA D 460975936 4096 4771 345400096 
8 0 RA D 460929992 4096 4771 345407808 
8 0 RA D 460897488 4096 4771 345414992 
8 0 RA D 460897440 4096 4771 345424061 
8 0 RA D 460898048 4096 4771 345431596 
8 0 RA D 460895024 4096 4771 345439075 
8 0 RA D 460984976 4096 4771 345446446 
8 0 RA D 460895168 4096 4771 345454243 
8 0 RA D 460894952 4096 4771 345463136 
8 0 RA D 460987088 4096 4771 345470521 
8 0 RA D 460892776 4096 4771 345481223 
8 0 RA D 460894008 4096 4771 345490795 
8 0 RA D 460892536 4096 4771 345498302 
8 0 RA D 460892544 4096 4771 345505670 
8 0 RA D 460892824 4096 4771 345514724 
8 0 RA D 460986912 4096 4771 345522361 
8 0 RA D 460984592 4096 4771 345530169 
8 0 RA D 460986784 4096 4771 345539150 
8 0 RA D 460893792 4096 4771 345548295 
8 0 RA D 460892488 4096 4771 345555699 
8 0 RA D 460893424 4096 4771 345562980 
8 0 RA D 460987232 4096 4771 345570607 
8 0 RA D 460986576 4096 4771 345577957 
8 0 RA D 460893520 4096 4771 345585659 
8 0 RA D 460986640 4096 4771 345593295 
8 0 RA D 460892984 4096 4771 345600577 
8 0 RA D 460987376 4096 4771 345609008 
8 0 RA D 460894336 4096 4771 345617513 
8 0 RA D 460897976 4096 4771 345624704 
8 0 RA D 460985704 4096 4771 345631971 
8 0 RA D 460984576 4096 4771 345639727 
8 0 RA D 460897896 4096 4771 345646822 
8 0 RA D 460985816 4096 4771 345657654 
8 0 RA D 460947448 4096 4771 345671671 
8 0 RA D 460947408 4096 4771 345685847 
8 0 RA D 460984776 4096 4771 345696372 
8 0 RA D 460887568 4096 4771 345703843 
8 0 RA D 460894824 4096 4771 345711567 
8 0 RA D 460894752 4096 4771 345719236 
8 0 RA D 460892968 4096 4771 345726668 
8 0 RA D 460985128 4096 4771 345734122 
8 0 RA D 460985608 4096 4771 345742135 
8 0 RA D 461059048 4096 4771 345750588 
8 0 RA D 460985576 4096 4771 345758067 
8 0 RA D 460887632 4096 4771 345765280 
8 0 RA D 460984680 4096 4771 345789145 
8 0 RA D 460894088 4096 4771 345831251 
8 0 RA D 460897832 4096 4771 345841020 
8 0 RA D 460986664 4096 4771 345850579 
8 0 RA D 460930040 4096 4771 345858088 
8 0 RA D 460894064 4096 4771 345865565 
8 0 RA D 460894760 4096 4771 345879161 
8 0 RA D 460986136 4096 4771 345886779 
8 0 RA D 460984952 4096 4771 345894199 
8 0 RA D 460984888 4096 4771 345903336 
8 0 RA D 460986000 4096 4771 345912253 
8 0 RA D 460985112 4096 4771 345919778 
8 0 RA D 460893840 4096 4771 345927018 
8 0 RA D 460894408 4096 4771 345935873 
8 0 RA D 460898040 4096 4771 345944784 
8 0 RA D 460984584 4096 4771 345952197 
8 0 RA D 460894248 4096 4771 345959459 
8 0 RA D 460985056 4096 4771 345966875 
8 0 RA D 460894472 4096 4771 345976265 
8 0 RA D 460984568 4096 4771 345985284 
8 0 RA D 460986064 4096 4771 345992983 
8 0 RA D 460986832 4096 4771 346000732 
8 0 RA D 460892832 4096 4771 346008436 
8 0 RA D 460892376 4096 4771 346015719 
8 0 RA D 460984512 4096 4771 346023576 
8 0 RA D 460986744 4096 4771 346031358 
8 0 RA D 460892320 4096 4771 346039420 
8 0 RA D 460894176 4096 4771 346047028 
8 0 RA D 460986104 4096 4771 346054801 
8 0 RA D 460987216 4096 4771 346063602 
8 0 RA D 460894016 4096 4771 346071049 
8 0 RA D 460894488 4096 4771 346078490 
8 0 RA D 460986880 4096 4771 346085878 
8 0 RA D 460987144 4096 4771 346094872 
8 0 RA D 460894416 4096 4771 346102957 
8 0 RA D 460892472 4096 4771 346111592 
8 0 RA D 460985072 4096 4771 346120776 
8 0 RA D 460985048 4096 4771 346128139 
8 0 RA D 460985856 4096 4771 346135679 
8 0 RA D 460893832 4096 4771 346143736 
8 0 RA D 460984632 4096 4771 346151318 
8 0 RA D 460894808 4096 4771 346160627 
8 0 RA D 460892496 4096 4771 346171394 
8 0 RA D 461058968 4096 4771 346181624 
8 0 RA D 460986544 4096 4771 346189877 
8 0 RA D 460984880 4096 4771 346227693 
8 0 RA D 460892424 4096 4771 346251910 
8 0 RA D 460887800 4096 4771 346260200 
8 0 RA D 460986080 4096 4771 346270596 
8 0 RA D 460887936 4096 4771 346278859 
8 0 RA D 460986008 4096 4771 346286251 
8 0 RA D 460987312 4096 4771 346294075 
8 0 RA D 460894024 4096 4771 346301737 
8 0 RA D 460892864 4096 4771 346309775 
8 0 RA D 460894584 4096 4771 346317074 
8 0 RA D 460892760 4096 4771 346324551 
8 0 RA D 460887920 4096 4771 346332443 
8 0 RA D 460985024 4096 4771 346340316 
8 0 RA D 460985552 4096 4771 346348191 
8 0 RA D 460986896 4096 4771 346355718 
8 0 RA D 460984392 4096 4771 346363557 
8 0 RA D 460984920 4096 4771 346372626 
8 0 RA D 460985568 4096 4771 346380852 
8 0 RA D 460892856 4096 4771 346389978 
8 0 RA D 460892728 4096 4771 346397939 
8 0 RA D 460894880 4096 4771 346405635 
8 0 RA D 460894504 4096 4771 346413151 
8 0 RA D 450487448 4096 4771 346420918 
8 0 RA D 461058952 4096 4771 346428738 
8 0 RA D 460986696 4096 4771 346442102 
8 0 RA D 460985304 4096 4771 346450229 
8 0 RA D 460985832 4096 4771 346457792 
8 0 RA D 460986736 4096 4771 346465714 
8 0 RA D 460985528 4096 4771 346473416 
8 0 RA D 461059008 4096 4771 346481571 
8 0 RA D 460897608 4096 4771 346496823 
8 0 RA D 460893928 4096 4771 346513557 
8 0 RA D 460929976 4096 4771 346521789 
8 0 RA D 460893008 4096 4771 346534157 
8 0 RA D 460894424 4096 4771 346635469 
8 0 RA D 460894984 4096 4771 346643853 
8 0 RA D 460897984 4096 4771 346654799 
8 0 RA D 460984376 4096 4771 346675515 
8 0 RA D 460986384 4096 4771 346696529 
8 0 RA D 460894368 4096 4771 346716878 
8 0 RA D 460985160 4096 4771 346737818 
8 0 RA D 460892696 4096 4771 346759780 
8 0 RA D 460893752 4096 4771 346768860 
8 0 RA D 460897904 4096 4771 346789657 
8 0 RA D 460984608 8192 4771 346830534 
8 0 RA D 460985912 4096 4771 346851532 
8 0 RA D 460987352 4096 4771 346881754 
8 0 RA D 460887872 4096 4771 346903528 
8 0 RA D 460894896 4096 221 338539411 
8 0 RA C 460897856 4096 4788 338546095 
8 0 RA C 460894224 4096 4788 338555960 
8 0 RA C 460897944 4096 4788 338566045 
8 0 RA D 460895096 4096 221 338570201 
8 0 RA C 460894440 4096 4788 338577661 
8 0 RA D 460895144 4096 221 338582185 
8 0 RA C 460975976 4096 4788 338588059 
8 0 RA C 460947368 4096 4788 338598255 
8 0 RA C 460898264 4096 4788 338608533 
8 0 RA C 460894528 4096 4788 338618460 
8 0 RA C 460947432 4096 4788 338640970 
8 0 RA C 460898152 4096 10 338678287 
8 0 RA C 460976008 4096 10 338680533 
8 0 RA C 460985424 4096 10 338684910 
8 0 RA C 460975952 4096 10 338688795 
8 0 RA D 460887856 4096 221 338691657 
8 0 RA C 460985560 4096 10 338697390 
8 0 RA D 460887952 4096 221 338700331 
8 0 RA C 460984696 4096 4788 338706692 
8 0 RA C 460986040 4096 4788 338716408 
8 0 RA D 460893472 4096 221 338722332 
8 0 RA C 460976064 4096 4788 338727814 
8 0 RA C 460985168 4096 4788 338739639 
8 0 RA C 460984936 4096 221 338747092 
8 0 RA C 460887984 4096 4788 338759793 
8 0 RA C 461059016 8192 4788 338781564 
8 0 RA D 460894216 4096 221 338786622 
8 0 RA C 460985096 4096 4788 338792372 
8 0 RA D 460894464 4096 221 338796285 
8 0 RA C 460985312 4096 4788 338802291 
8 0 RA C 460892944 4096 221 338812073 
8 0 RA D 460894928 4096 221 338813135 
8 0 RA D 460895080 4096 221 338814808 
8 0 RA C 460984792 4096 4788 338823477 
8 0 RA D 460897600 4096 221 338827836 
8 0 RA C 460892328 4096 4788 338834432 
8 0 RA D 460897616 4096 221 338838008 
8 0 RA C 460894288 4096 4788 338844424 
8 0 RA D 460898032 4096 221 338847977 
8 0 RA C 460895032 4096 4788 338854316 
8 0 RA D 460898216 4096 221 338857984 
8 0 RA C 460986840 4096 4788 338864387 
8 0 RA D 460976088 4096 221 338868301 
8 0 RA C 460893344 4096 4788 338874717 
8 0 RA D 460984912 4096 221 338878461 
8 0 RA C 460895144 4096 4788 338884716 
8 0 RA C 460893064 4096 4788 338894745 
8 0 RA D 460986088 4096 221 338899851 
8 0 RA C 460895096 4096 4788 338905899 
8 0 RA C 460893824 4096 4788 338915011 
8 0 RA C 460895016 4096 4788 338928043 
8 0 RA C 460894896 4096 4788 338938306 
8 0 RA C 460930016 4096 4788 338948484 
8 0 RA C 461058984 4096 4788 338958377 
8 0 RA D 460892440 4096 221 338962968 
8 0 RA C 460986824 4096 4788 338969028 
8 0 RA D 460892752 4096 221 338973488 
8 0 RA C 460985680 4096 4788 338979059 
8 0 RA C 460986128 4096 4788 338988917 
8 0 RA D 460893464 4096 221 338993254 
8 0 RA C 460986768 4096 4788 338998945 
8 0 RA C 460893560 4096 4788 339009478 
8 0 RA D 460894256 4096 221 339013288 
8 0 RA C 460976048 4096 4788 339019884 
8 0 RA C 460894464 4096 4788 339029625 
8 0 RA D 460897368 4096 221 339036029 
8 0 RA C 460892584 4096 221 339040403 
8 0 RA D 460898176 4096 221 339043212 
8 0 RA C 460894048 4096 4788 339050344 
8 0 RA C 460930032 4096 4788 339060394 
8 0 RA C 460893888 4096 4788 339071196 
8 0 RA D 460984416 4096 221 339076045 
8 0 RA C 460887952 4096 4788 339082104 
8 0 RA C 460976088 4096 4788 339091227 
8 0 RA C 460887856 4096 4788 339103355 
8 0 RA D 460985344 4096 221 339107543 
8 0 RA C 460894216 4096 4788 339113327 
8 0 RA C 460897616 4096 4788 339123938 
8 0 RA D 460985896 4096 221 339128676 
8 0 RA C 460893472 4096 4788 339134423 
8 0 RA C 460894104 4096 4788 339143976 
8 0 RA C 460888032 4096 4788 339154179 
8 0 RA D 460987064 4096 221 339158455 
8 0 RA C 460895080 4096 4788 339165560 
8 0 RA D 460987272 4096 221 339169894 
8 0 RA C 460897600 4096 4788 339178403 
8 0 RA C 460894928 4096 4788 339186275 
8 0 RA C 460986088 4096 4788 339196228 
8 0 RA C 460898032 4096 4788 339206951 
8 0 RA D 460887808 8192 221 339211190 
8 0 RA C 460887664 4096 4788 339218247 
8 0 RA C 460898216 4096 4788 339228303 
8 0 RA D 460893056 4096 221 339232580 
8 0 RA C 460984912 4096 4788 339238413 
8 0 RA C 460892752 4096 4788 339248564 
8 0 RA C 460887912 4096 4788 339259230 
8 0 RA D 460893872 4096 221 339263752 
8 0 RA C 460892400 4096 4788 339269371 
8 0 RA C 460985760 4096 4788 339279834 
8 0 RA D 460894744 4096 221 339283995 
8 0 RA C 460894352 4096 4788 339289726 
8 0 RA D 460895048 4096 221 339293361 
8 0 RA C 460986232 4096 4788 339300010 
8 0 RA C 460893096 4096 4788 339310047 
8 0 RA D 460895216 4096 221 339314725 
8 0 RA C 460892440 4096 4788 339320295 
8 0 RA C 460894256 4096 4788 339330105 
8 0 RA C 460893464 4096 4788 339340176 
8 0 RA D 460897392 4096 221 339345049 
8 0 RA C 460929968 4096 4788 339352670 
8 0 RA C 460898176 4096 4788 339362808 
8 0 RA D 460897584 4096 221 339368450 
8 0 RA C 460897368 4096 4788 339374049 
8 0 RA D 460897792 4096 221 339379644 
8 0 RA C 460985344 4096 4788 339385000 
8 0 RA D 460898008 4096 221 339389495 
8 0 RA C 460986800 4096 4788 339395170 
8 0 RA D 460947328 4096 221 339399086 
8 0 RA C 460929920 4096 4788 339404317 
8 0 RA D 460975984 4096 221 339407927 
8 0 RA C 460984416 4096 4788 339416748 
8 0 RA D 460976032 4096 221 339420772 
8 0 RA C 461059032 4096 221 339424725 
8 0 RA D 460984464 8192 221 339426648 
8 0 RA C 460984744 4096 4788 339435392 
8 0 RA D 460984752 4096 221 339440077 
8 0 RA C 460887576 4096 4788 339445257 
8 0 RA C 460894000 4096 4788 339458081 
8 0 RA D 460985376 4096 221 339461855 
8 0 RA C 460986848 4096 4788 339468496 
8 0 RA D 460985688 4096 221 339472137 
8 0 RA C 460887696 4096 4788 339478704 
8 0 RA D 460986048 4096 221 339482560 
8 0 RA C 460985896 4096 4788 339488878 
8 0 RA C 460887808 8192 4788 339531649 
8 0 RA C 460987064 4096 4788 339550725 
8 0 RA C 460984712 4096 4788 339558267 
8 0 RA C 460985768 4096 4788 339569405 
8 0 RA D 460986960 4096 221 339573955 
8 0 RA C 460893328 4096 4788 339579502 
8 0 RA C 460893056 4096 4788 339589654 
8 0 RA C 460892744 4096 4788 339599745 
8 0 RA D 460987288 8192 221 339602643 
8 0 RA C 460894744 4096 4788 339610351 
8 0 RA C 460895048 4096 4788 339620530 
8 0 RA C 460895104 4096 4788 339630633 
8 0 RA D 460887728 4096 221 339634410 
8 0 RA C 460897456 4096 4788 339641215 
8 0 RA D 460887848 4096 221 339645078 
8 0 RA C 460987272 4096 4788 339651562 
8 0 RA C 460893352 4096 4788 339662182 
8 0 RA C 460897392 4096 4788 339671516 
8 0 RA D 460887976 4096 221 339678103 
8 0 RA C 460898008 4096 4788 339685548 
8 0 RA D 460892192 4096 221 339688740 
8 0 RA C 460893872 4096 4788 339696058 
8 0 RA D 460892248 4096 221 339700193 
8 0 RA C 460897336 4096 4788 339705873 
8 0 RA D 460892296 4096 221 339709470 
8 0 RA C 460894304 4096 4788 339715905 
8 0 RA C 460897584 4096 4788 339726439 
8 0 RA D 460892432 4096 221 339730187 
8 0 RA C 460897312 4096 4788 339736387 
8 0 RA C 460897792 4096 4788 339746680 
8 0 RA C 460986904 4096 4788 339758018 
8 0 RA D 460892952 4096 221 339762361 
8 0 RA C 460895216 4096 4788 339767973 
8 0 RA D 460893112 4096 221 339771762 
8 0 RA C 460976032 4096 4788 339778063 
8 0 RA D 460893688 4096 221 339781678 
8 0 RA C 460984464 8192 4788 339794961 
8 0 RA D 460893744 4096 221 339800040 
8 0 RA C 460985376 4096 4788 339805861 
8 0 RA D 460893880 4096 221 339809139 
8 0 RA C 460947328 4096 4788 339815222 
8 0 RA D 460893944 4096 221 339818571 
8 0 RA C 460985688 4096 4788 339826648 
8 0 RA D 460893976 4096 221 339830008 
8 0 RA C 460984752 4096 4788 339837381 
8 0 RA C 460984984 4096 221 339847485 
8 0 RA C 460975984 4096 4788 339857719 
8 0 RA C 460986960 4096 4788 339867753 
8 0 RA C 460986448 4096 4788 339878219 
8 0 RA D 460894848 4096 221 339881646 
8 0 RA C 460986072 4096 4788 339890990 
8 0 RA C 460986048 4096 4788 339901246 
8 0 RA D 460895208 4096 221 339905814 
8 0 RA C 460987288 8192 4788 339918187 
8 0 RA C 460986464 4096 4788 339928506 
8 0 RA C 460887896 4096 4788 339939390 
8 0 RA D 460897920 4096 221 339943434 
8 0 RA C 460893112 4096 4788 339949101 
8 0 RA D 460897960 4096 221 339952556 
8 0 RA C 461058960 4096 4788 339964579 
8 0 RA C 460987024 4096 4788 339969127 
8 0 RA D 460898200 4096 221 339972843 
8 0 RA C 460987112 4096 4788 339980393 
8 0 RA D 460976040 4096 221 339984797 
8 0 RA C 460887728 4096 4788 339990754 
8 0 RA C 460887944 4096 4788 340001744 
8 0 RA C 460887848 4096 4788 340012014 
8 0 RA D 460984720 4096 221 340017500 
8 0 RA C 460892336 4096 221 340022029 
8 0 RA D 460984832 4096 221 340025212 
8 0 RA C 460892248 4096 4788 340032594 
8 0 RA D 460984856 4096 221 340037461 
8 0 RA C 460892296 4096 4788 340043309 
8 0 RA C 460887976 4096 4788 340052351 
8 0 RA C 460892648 4096 4788 340062558 
8 0 RA D 460985456 4096 221 340068931 
8 0 RA C 460892192 4096 221 340072675 
8 0 RA D 460985792 4096 221 340076198 
8 0 RA C 460893880 4096 4788 340083858 
8 0 RA D 460985904 4096 221 340088655 
8 0 RA C 460893744 4096 4788 340094842 
8 0 RA C 460887552 4096 4788 340104059 
8 0 RA C 460892896 4096 4788 340113922 
8 0 RA D 460986288 4096 221 340119141 
8 0 RA C 460892432 4096 4788 340125157 
8 0 RA D 460986328 4096 221 340129441 
8 0 RA C 460892952 4096 4788 340137025 
8 0 RA C 460893688 4096 4788 340144799 
8 0 RA D 460986720 4096 221 340148585 
8 0 RA C 460893976 4096 4788 340154300 
8 0 RA D 460987016 4096 221 340158760 
8 0 RA C 460895152 4096 4788 340164477 
8 0 RA D 460987032 4096 221 340168203 
8 0 RA C 460894120 4096 4788 340175170 
8 0 RA C 460893944 4096 4788 340186560 
8 0 RA D 460987192 4096 221 340191503 
8 0 RA C 460894832 4096 4788 340197487 
8 0 RA C 460897808 4096 4788 340207925 
8 0 RA D 461059040 4096 221 340212331 
8 0 RA C 460894848 4096 4788 340217969 
8 0 RA D 460887752 4096 221 340221504 
8 0 RA C 460898072 4096 4788 340229500 
8 0 RA D 460887768 4096 221 340232988 
8 0 RA C 460893992 4096 4788 340240409 
8 0 RA D 460887968 4096 221 340244984 
8 0 RA C 460894136 4096 4788 340251051 
8 0 RA D 460892168 4096 221 340255318 
8 0 RA C 460897408 4096 4788 340261374 
8 0 RA D 460892256 4096 221 340264979 
8 0 RA C 460897960 4096 4788 340271894 
8 0 RA D 460892312 4096 221 340275216 
8 0 RA C 460898200 4096 4788 340284938 
8 0 RA D 460892416 4096 221 340289554 
8 0 RA C 460984856 4096 4788 340295386 
8 0 RA D 460892632 8192 221 340298889 
8 0 RA C 460895208 4096 4788 340305517 
8 0 RA D 460892736 4096 221 340310762 
8 0 RA C 460897920 4096 4788 340315311 
8 0 RA D 460893120 4096 221 340317526 
8 0 RA C 460984832 4096 4788 340325167 
8 0 RA D 460893368 8192 221 340329027 
8 0 RA C 460984496 4096 4788 340335322 
8 0 RA D 460893408 4096 221 340337993 
8 0 RA C 460976096 4096 4788 340345342 
8 0 RA D 460893440 8192 221 340348308 
8 0 RA C 460985792 4096 4788 340355259 
8 0 RA D 460893536 4096 221 340358185 
8 0 RA C 460984720 4096 4788 340365605 
8 0 RA D 460893600 4096 221 340368382 
8 0 RA C 460976040 4096 4788 340376435 
8 0 RA D 460894072 4096 221 340379041 
8 0 RA C 460985456 4096 4788 340388751 
8 0 RA D 460894208 4096 221 340391266 
8 0 RA C 460986176 4096 4788 340403244 
8 0 RA C 460986328 4096 4788 340419465 
8 0 RA D 460894456 4096 221 340422078 
8 0 RA C 460986456 4096 4788 340427839 
8 0 RA D 460894792 4096 221 340430132 
8 0 RA C 460985400 4096 4788 340443338 
8 0 RA D 460895000 4096 221 340449881 
8 0 RA C 460985000 4096 10 340452782 
8 0 RA D 460895064 4096 221 340457721 
8 0 RA C 460892168 4096 10 340459311 
8 0 RA D 460895160 4096 221 340461146 
8 0 RA C 460986160 4096 4788 340467523 
8 0 RA D 460897352 4096 221 340470166 
8 0 RA C 460987016 4096 4788 340478455 
8 0 RA D 460897384 4096 221 340480918 
8 0 RA C 460985904 4096 4788 340487974 
8 0 RA C 460987304 4096 4788 340498737 
8 0 RA D 460897816 4096 221 340501829 
8 0 RA C 460986720 4096 4788 340516472 
8 0 RA D 460897848 4096 221 340522774 
8 0 RA C 460986288 4096 10 340524793 
8 0 RA D 460898240 4096 221 340530301 
8 0 RA C 460892736 4096 10 340532634 
8 0 RA D 460947320 4096 221 340534919 
8 0 RA C 461059040 4096 4788 340539607 
8 0 RA D 460947416 4096 221 340542133 
8 0 RA C 460987192 4096 4788 340549425 
8 0 RA D 460984528 4096 221 340551900 
8 0 RA C 460987032 4096 4788 340566702 
8 0 RA C 460887768 4096 10 340574337 
8 0 RA D 460985152 4096 221 340577080 
8 0 RA C 460893120 4096 10 340581806 
8 0 RA C 460894072 4096 4788 340600892 
8 0 RA D 460985328 4096 221 340605675 
8 0 RA C 460893440 8192 4788 340636266 
8 0 RA C 460987056 4096 4788 340646400 
8 0 RA C 460892256 4096 4788 340657447 
8 0 RA D 460985600 4096 221 340661379 
8 0 RA C 460892632 8192 4788 340699103 
8 0 RA D 460985616 8192 221 340704360 
8 0 RA C 460892416 4096 221 340708164 
8 0 RA D 460986016 4096 221 340711338 
8 0 RA C 460893408 4096 4788 340720740 
8 0 RA C 460887968 4096 4788 340728325 
8 0 RA D 460986688 4096 221 340730975 
8 0 RA C 460887752 4096 4788 340739930 
8 0 RA D 460986712 4096 221 340744827 
8 0 RA C 460892312 4096 4788 340750099 
8 0 RA C 460895000 4096 4788 340761083 
8 0 RA D 460987336 4096 221 340764806 
8 0 RA C 460893368 8192 4788 340777538 
8 0 RA D 461059056 4096 221 340783540 
8 0 RA C 460894296 4096 221 340788004 
8 0 RA D 460887704 4096 221 340790049 
8 0 RA C 460894208 4096 4788 340797608 
8 0 RA D 460892408 4096 221 340800763 
8 0 RA C 460895064 4096 4788 340808114 
8 0 RA D 460892552 4096 221 340811150 
8 0 RA C 460893600 4096 4788 340817700 
8 0 RA C 460897720 4096 4788 340827866 
8 0 RA D 460893168 4096 221 340831086 
8 0 RA C 460893536 4096 4788 340838282 
8 0 RA D 460893320 4096 221 340840977 
8 0 RA C 460894792 4096 4788 340849919 
8 0 RA C 460898240 4096 4788 340861322 
8 0 RA C 460894456 4096 4788 340871391 
8 0 RA C 460897352 4096 4788 340884387 
8 0 RA C 460897848 4096 4788 340891909 
8 0 RA D 460893728 4096 221 340894356 
8 0 RA C 460897384 4096 4788 340903165 
8 0 RA C 460984736 4096 4788 340914019 
8 0 RA D 460894944 4096 221 340917005 
8 0 RA C 460984528 4096 4788 340924742 
8 0 RA C 460986688 4096 4788 340935164 
8 0 RA D 460895200 4096 221 340938507 
8 0 RA C 460895160 4096 4788 340944985 
8 0 RA C 460947320 4096 4788 340955222 
8 0 RA D 460897672 4096 221 340958075 
8 0 RA C 460985600 4096 4788 340965449 
8 0 RA C 460947416 4096 4788 340976612 
8 0 RA D 460897872 4096 221 340979393 
8 0 RA C 460897816 4096 4788 340985882 
8 0 RA D 460897912 4096 221 340989617 
8 0 RA C 460986712 4096 4788 340996820 
8 0 RA D 460929984 4096 221 340999667 
8 0 RA C 460985328 4096 4788 341006787 
8 0 RA D 460930008 4096 221 341010200 
8 0 RA C 460985416 4096 4788 341016917 
8 0 RA C 460985240 4096 4788 341027419 
8 0 RA D 460947248 4096 221 341030358 
8 0 RA C 460987048 4096 4788 341037570 
8 0 RA D 460947272 8192 221 341040886 
8 0 RA C 460985616 8192 4788 341058919 
8 0 RA C 460986016 4096 10 341093739 
8 0 RA C 460985152 4096 10 341108095 
8 0 RA C 460986488 4096 10 341110187 
8 0 RA D 460984344 4096 221 341114229 
8 0 RA D 460984440 4096 221 341135815 
8 0 RA D 460984560 4096 221 341140450 
8 0 RA C 461059056 4096 10 341142879 
8 0 RA C 460985352 4096 10 341145926 
8 0 RA C 460887704 4096 10 341152810 
8 0 RA C 460987336 4096 10 341155353 
8 0 RA C 460892408 4096 10 341158274 
8 0 RA D 460985864 4096 221 341165919 
8 0 RA C 460893024 4096 10 341174923 
8 0 RA C 460893320 4096 10 341177081 
8 0 RA C 460892552 4096 10 341183750 
8 0 RA D 460986240 4096 221 341186941 
8 0 RA D 460986352 8192 221 341194660 
8 0 RA C 460893168 4096 10 341198556 
8 0 RA C 460894976 4096 10 341207047 
8 0 RA D 460986504 4096 221 341210854 
8 0 RA D 460987184 4096 221 341213245 
8 0 RA C 460893704 4096 10 341220053 
8 0 RA D 461058992 4096 221 341225133 
8 0 RA C 460893504 8192 10 341235635 
8 0 RA C 460893680 4096 10 341242724 
8 0 RA C 460893608 4096 10 341254039 
8 0 RA D 460898112 4096 221 341257379 
8 0 RA C 460930024 4096 10 341323092 
8 0 RA C 460897536 4096 10 341328793 
8 0 RA C 460893728 4096 10 341330775 
8 0 RA C 460895200 4096 10 341332254 
8 0 RA C 460894240 4096 10 341333713 
8 0 RA C 460897672 4096 10 341340805 
8 0 RA D 460897328 4096 221 341344809 
8 0 RA C 460897912 4096 10 341350384 
8 0 RA C 460897872 4096 10 341353774 
8 0 RA C 460929984 4096 10 341359093 
8 0 RA D 460897512 4096 221 341361828 
8 0 RA C 460930008 4096 10 341365250 
8 0 RA C 460894944 4096 10 341369048 
8 0 RA C 460947352 4096 4788 341383311 
8 0 RA C 460947272 8192 4788 341398723 
8 0 RA C 460897712 4096 4788 341412174 
8 0 RA C 460984560 4096 4788 341423000 
8 0 RA C 460984848 4096 4788 341430880 
8 0 RA C 460986264 4096 4788 341440503 
8 0 RA C 460947248 4096 4788 341451110 
8 0 RA C 460984600 4096 4788 341459360 
8 0 RA C 460986240 4096 4788 341471981 
8 0 RA C 460985864 4096 4788 341479588 
8 0 RA C 460985232 4096 4788 341491392 
8 0 RA C 460984344 4096 4788 341503206 
8 0 RA C 460984440 4096 4788 341515594 
8 0 RA C 460897800 4096 4788 341525111 
8 0 RA C 460986504 4096 4788 341552199 
8 0 RA C 460898112 4096 4788 341557216 
8 0 RA C 460892480 4096 4788 341559901 
8 0 RA C 460897696 4096 4788 341566841 
8 0 RA C 460984824 4096 4788 341578094 
8 0 RA C 460987184 4096 4788 341591760 
8 0 RA C 460893400 4096 4788 341598602 
8 0 RA C 461058992 4096 4788 341607468 
8 0 RA C 460986352 8192 4788 341626688 
8 0 RA C 460898272 4096 4788 341639068 
8 0 RA C 460895176 4096 4788 341645943 
8 0 RA C 460897328 4096 4788 341653870 
8 0 RA C 460986976 4096 4788 341663822 
8 0 RA C 460893080 4096 4788 341675823 
8 0 RA C 460892616 4096 4788 341683980 
8 0 RA C 460985120 4096 4788 341693799 
8 0 RA C 460898088 4096 4788 341703270 
8 0 RA C 460893016 4096 4788 341712178 
8 0 RA C 460987000 4096 4788 341719457 
8 0 RA C 460897512 4096 4788 341730735 
8 0 RA C 460894448 4096 4788 341738918 
8 0 RA C 460898248 4096 4788 341747549 
8 0 RA C 460887960 4096 4788 341758966 
8 0 RA C 460893808 4096 4788 341767706 
8 0 RA C 460986432 4096 10 341919810 
8 0 RA C 460986608 4096 10 341925342 
8 0 RA C 460888040 4096 10 341926551 
8 0 RA C 460893576 4096 10 341928125 
8 0 RA C 460987328 4096 10 341929792 
8 0 RA C 460894056 4096 4788 341967104 
8 0 RA C 460893784 4096 4788 342026204 
8 0 RA C 460985736 4096 4788 342069324 
8 0 RA C 460984448 4096 4788 342080722 
8 0 RA C 460986520 4096 4788 342124544 
8 0 RA C 460894040 4096 4788 342181758 
8 0 RA C 460894344 4096 4788 342192131 
8 0 RA C 460893392 4096 4788 342219580 
8 0 RA C 460894312 4096 4788 342290609 
8 0 RA C 460888048 4096 4788 342323100 
8 0 RA C 460984400 4096 4788 342334528 
8 0 RA C 460985648 4096 4788 342344971 
8 0 RA C 460894856 4096 4788 342362178 
8 0 RA C 460984328 4096 4788 342371281 
8 0 RA C 460892800 4096 4788 342387521 
8 0 RA C 460985960 4096 4788 342411455 
8 0 RA C 460893656 4096 4788 342420237 
8 0 RA C 460893496 4096 4788 342437234 
8 0 RA C 460892768 4096 4788 342455457 
8 0 RA C 460984728 4096 4788 342465654 
8 0 RA C 460892680 4096 4788 342475676 
8 0 RA C 460895128 4096 4788 342484425 
8 0 RA C 460986424 4096 4788 342504830 
8 0 RA C 460985848 4096 4788 342513014 
8 0 RA C 460947392 4096 4788 342521890 
8 0 RA C 460897304 4096 4788 342532237 
8 0 RA C 460984664 4096 4788 342542516 
8 0 RA C 460893488 4096 4788 342552468 
8 0 RA C 460985184 4096 4788 342562293 
8 0 RA C 460892368 4096 4788 342578854 
8 0 RA C 460976112 4096 4788 342587607 
8 0 RA C 460984704 4096 4788 342602446 
8 0 RA C 460987096 4096 4788 342626205 
8 0 RA C 460898120 4096 4788 342635551 
8 0 RA C 460892360 4096 4788 342645075 
8 0 RA C 460985192 4096 4788 342656220 
8 0 RA C 460894192 4096 4788 342687820 
8 0 RA C 460892928 4096 4788 342696398 
8 0 RA C 460986616 4096 4788 342706534 
8 0 RA C 460894536 4096 4788 342717294 
8 0 RA C 460984424 4096 4788 342731830 
8 0 RA C 460975968 4096 4788 342748896 
8 0 RA C 460984784 4096 4788 342765943 
8 0 RA C 460985720 4096 4788 342774501 
8 0 RA C 460898232 4096 4788 342786995 
8 0 RA C 460987368 4096 4788 342794789 
8 0 RA C 460893072 4096 4788 342805044 
8 0 RA C 460898280 4096 4788 342816027 
8 0 RA C 460895184 4096 4788 342826021 
8 0 RA C 460893040 4096 4788 342835895 
8 0 RA C 460984960 4096 4788 342852204 
8 0 RA C 460987120 4096 4788 342861542 
8 0 RA C 460894728 4096 4788 342871345 
8 0 RA C 460987176 4096 4788 342882500 
8 0 RA C 460887832 4096 4788 342897379 
8 0 RA C 460985664 4096 4788 342906352 
8 0 RA C 460975928 4096 4788 342915914 
8 0 RA C 460897376 4096 4788 342925931 
8 0 RA C 460892216 4096 4788 342937619 
8 0 RA C 460894840 4096 4788 342947808 
8 0 RA C 460893696 4096 4788 342964446 
8 0 RA C 460894320 4096 4788 342973355 
8 0 RA C 460887648 4096 4788 342983673 
8 0 RA C 460894032 4096 4788 342993565 
8 0 RA C 460984624 4096 4788 343008562 
8 0 RA C 460893240 4096 4788 343020917 
8 0 RA C 460898024 4096 4788 343033847 
8 0 RA C 460985696 4096 4788 343044913 
8 0 RA C 460887672 4096 4788 343057937 
8 0 RA C 460887744 4096 4788 343063712 
8 0 RA C 460888024 4096 4788 343073111 
8 0 RA C 460897656 4096 4788 343084219 
8 0 RA C 460892176 4096 4788 343096885 
8 0 RA C 460985384 4096 4788 343106419 
8 0 RA C 460897568 4096 4788 343118008 
8 0 RA C 460986936 4096 4788 343129139 
8 0 RA C 460887600 4096 4788 343139193 
8 0 RA C 460986552 4096 4788 343149914 
8 0 RA C 460897552 4096 4788 343159413 
8 0 RA C 460892240 4096 4788 343169789 
8 0 RA C 460894152 4096 4788 343179403 
8 0 RA C 460947304 4096 4788 343188468 
8 0 RA C 460987208 4096 4788 343198979 
8 0 RA C 460897928 4096 4788 343209177 
8 0 RA C 460887592 4096 4788 343220466 
8 0 RA C 460892848 4096 4788 343234319 
8 0 RA C 460929936 4096 4788 343240956 
8 0 RA C 460975944 4096 4788 343251880 
8 0 RA C 460897520 4096 4788 343261977 
8 0 RA C 460986984 4096 4788 343271924 
8 0 RA C 460985008 4096 4788 343281739 
8 0 RA C 460894160 4096 4788 343292491 
8 0 RA C 460892656 4096 4788 343309564 
8 0 RA C 460986304 4096 4788 343318336 
8 0 RA C 460985984 4096 4788 343328093 
8 0 RA C 460984488 4096 4788 343338253 
8 0 RA C 460985448 4096 4788 343352226 
8 0 RA C 460986272 4096 4788 343372546 
8 0 RA C 460986056 4096 4788 343389349 
8 0 RA C 460986440 4096 4788 343398025 
8 0 RA C 460887616 4096 4788 343408734 
8 0 RA C 460898016 4096 4788 343418586 
8 0 RA C 460895224 4096 4788 343429397 
8 0 RA C 460986872 4096 4788 343438820 
8 0 RA C 460985408 4096 4788 343450634 
8 0 RA C 460985368 4096 4788 343460666 
8 0 RA C 460976024 4096 4788 343470755 
8 0 RA C 460888000 4096 4788 343482840 
8 0 RA C 460887784 4096 4788 343494318 
8 0 RA C 460984648 4096 4788 343501281 
8 0 RA C 460986400 4096 4788 343511362 
8 0 RA C 460892208 4096 4788 343521666 
8 0 RA C 460984504 4096 4788 343540010 
8 0 RA C 460897432 4096 4788 343569164 
8 0 RA C 460986480 4096 4788 343578044 
8 0 RA C 460897400 4096 4788 343588765 
8 0 RA C 460894080 4096 4788 343599192 
8 0 RA C 460894568 4096 4788 343608953 
8 0 RA C 460893480 4096 4788 343618830 
8 0 RA C 460930000 4096 4788 343629340 
8 0 RA C 460986776 4096 4788 343639427 
8 0 RA C 460893856 4096 4788 343656169 
8 0 RA C 460929960 4096 4788 343665383 
8 0 RA C 460887624 4096 4788 343675489 
8 0 RA C 460987344 4096 4788 343685641 
8 0 RA C 460986672 4096 4788 343695827 
8 0 RA C 460986568 4096 4788 343707420 
8 0 RA C 460984768 4096 4788 343717737 
8 0 RA C 460897480 4096 4788 343728706 
8 0 RA C 460984368 4096 4788 343739717 
8 0 RA C 460987320 4096 4788 343749571 
8 0 RA C 460894480 4096 4788 343759490 
8 0 RA C 460985656 4096 4788 343769572 
8 0 RA C 460893416 4096 4788 343779833 
8 0 RA C 460985040 4096 4788 343790128 
8 0 RA C 460898136 4096 4788 343800827 
8 0 RA C 460986512 4096 4788 343810822 
8 0 RA C 460893672 4096 4788 343823614 
8 0 RA C 460987040 4096 4788 343832703 
8 0 RA C 460985808 4096 4788 343843533 
8 0 RA C 460985200 4096 4788 343854594 
8 0 RA C 460893128 4096 4788 343863760 
8 0 RA C 460947240 4096 4788 343872608 
8 0 RA C 460887880 4096 4788 343882736 
8 0 RA C 460887712 4096 4788 343892927 
8 0 RA C 460894520 4096 4788 343915091 
8 0 RA C 460976016 4096 4788 343925838 
8 0 RA C 460893592 4096 4788 343934184 
8 0 RA C 460893048 4096 4788 343943272 
8 0 RA C 460985888 4096 4788 343953856 
8 0 RA C 460985296 4096 4788 343964972 
8 0 RA C 460894888 4096 4788 343974899 
8 0 RA C 460986336 4096 4788 343984810 
8 0 RA C 460894816 4096 4788 343994755 
8 0 RA C 460894200 4096 4788 344006398 
8 0 RA C 460898160 4096 4788 344016486 
8 0 RA C 460898104 4096 4788 344026420 
8 0 RA C 460985392 4096 4788 344036411 
8 0 RA C 460985104 4096 4788 344046468 
8 0 RA C 460887888 4096 4788 344057341 
8 0 RA C 460984864 4096 4788 344071935 
8 0 RA C 460986376 4096 4788 344080337 
8 0 RA C 460898208 4096 4788 344090587 
8 0 RA C 460887760 4096 4788 344101861 
8 0 RA C 460892664 4096 4788 344115441 
8 0 RA C 460897784 4096 4788 344124259 
8 0 RA C 460985016 4096 4788 344135444 
8 0 RA C 460892512 4096 4788 344145582 
8 0 RA C 460976080 4096 4788 344156225 
8 0 RA C 460985320 4096 4788 344166102 
8 0 RA C 460985032 4096 4788 344176050 
8 0 RA C 460897416 4096 4788 344186458 
8 0 RA C 460987256 4096 4788 344199088 
8 0 RA C 460894272 4096 4788 344207671 
8 0 RA C 460984656 4096 4788 344217408 
8 0 RA C 460893032 4096 4788 344227866 
8 0 RA C 460887904 4096 4788 344238020 
8 0 RA C 460897624 4096 4788 344247822 
8 0 RA C 460985592 4096 4788 344258309 
8 0 RA C 460887840 4096 4788 344274476 
8 0 RA C 460985176 4096 4788 344283313 
8 0 RA C 460887688 4096 4788 344293401 
8 0 RA C 460897576 4096 4788 344303349 
8 0 RA C 460898056 4096 4788 344313881 
8 0 RA C 460887584 4096 4788 344328859 
8 0 RA C 460984840 4096 4788 344342348 
8 0 RA C 460984688 4096 4788 344350865 
8 0 RA C 460986648 4096 4788 344361586 
8 0 RA C 460947384 4096 4788 344377249 
8 0 RA C 460986320 4096 4788 344391739 
8 0 RA C 460895112 4096 4788 344400384 
8 0 RA C 460898224 4096 4788 344421014 
8 0 RA C 460985872 4096 4788 344452763 
8 0 RA C 460947288 4096 4788 344457999 
8 0 RA C 460984520 4096 4788 344468529 
8 0 RA C 460894560 4096 4788 344478847 
8 0 RA C 460975992 4096 4788 344488920 
8 0 RA C 460976104 4096 4788 344499992 
8 0 RA C 460892920 4096 4788 344510171 
8 0 RA C 460898256 4096 4788 344520575 
8 0 RA C 460986584 4096 4788 344530625 
8 0 RA C 460894128 4096 4788 344541197 
8 0 RA C 460986704 4096 4788 344552520 
8 0 RA C 460894184 4096 4788 344561340 
8 0 RA C 460897504 4096 4788 344572767 
8 0 RA C 460893144 4096 4788 344583748 
8 0 RA C 460894512 4096 4788 344593946 
8 0 RA C 460892672 4096 4788 344603897 
8 0 RA C 460892560 4096 4788 344613568 
8 0 RA C 460893664 4096 4788 344623613 
8 0 RA C 460985248 4096 4788 344633958 
8 0 RA C 460894912 4096 4788 344645386 
8 0 RA C 460892392 4096 4788 344655346 
8 0 RA C 460987264 4096 4788 344664098 
8 0 RA C 460892504 4096 4788 344673411 
8 0 RA C 460895056 4096 4788 344683978 
8 0 RA C 460892304 4096 4788 344695287 
8 0 RA C 460985536 4096 4788 344705231 
8 0 RA C 460894552 4096 4788 344716053 
8 0 RA C 460984896 4096 4788 344725916 
8 0 RA C 460897280 4096 4788 344736032 
8 0 RA C 460887776 4096 4788 344746085 
8 0 RA C 460947400 4096 4788 344757223 
8 0 RA C 460986600 4096 4788 344767317 
8 0 RA C 460893920 4096 4788 344779928 
8 0 RA C 460892608 4096 4788 344799305 
8 0 RA C 460897992 4096 4788 344810453 
8 0 RA C 460893968 4096 4788 344821353 
8 0 RA C 460893760 4096 4788 344832216 
8 0 RA C 460893360 4096 4788 344840902 
8 0 RA C 460892464 4096 4788 344850802 
8 0 RA C 460894800 4096 4788 344861220 
8 0 RA C 460986952 4096 4788 344871222 
8 0 RA C 460897680 4096 4788 344881332 
8 0 RA C 460986816 4096 4788 344891538 
8 0 RA C 460986280 4096 4788 344901632 
8 0 RA C 460986632 4096 4788 344913472 
8 0 RA C 460892264 4096 4788 344921802 
8 0 RA C 460986112 4096 4788 344931865 
8 0 RA C 460985936 4096 4788 344941703 
8 0 RA C 460894168 4096 4788 344974293 
8 0 RA C 460893384 4096 4788 344982637 
8 0 RA C 460897496 4096 4788 344992886 
8 0 RA C 460985224 4096 4788 345003210 
8 0 RA C 460895008 4096 4788 345013126 
8 0 RA C 460984816 4096 4788 345023316 
8 0 RA C 460984336 4096 4788 345033812 
8 0 RA C 460893152 4096 4788 345043296 
8 0 RA C 460986496 4096 4788 345053517 
8 0 RA C 460985144 4096 4788 345063821 
8 0 RA C 460892592 4096 4788 345075722 
8 0 RA C 460895136 4096 4788 345086546 
8 0 RA C 460892816 4096 4788 345096749 
8 0 RA C 460986968 4096 4788 345107189 
8 0 RA C 460898144 4096 4788 345117195 
8 0 RA C 460898064 4096 4788 345133929 
8 0 RA C 460897952 4096 4788 345150470 
8 0 RA C 460892344 4096 4788 345159078 
8 0 RA C 460892808 4096 4788 345168985 
8 0 RA C 460893640 4096 4788 345179559 
8 0 RA C 460892568 4096 4788 345189100 
8 0 RA C 460894872 4096 4788 345199537 
8 0 RA C 460893568 4096 4788 345209370 
8 0 RA C 460893960 4096 4788 345219426 
8 0 RA C 460986888 4096 4788 345229926 
8 0 RA C 460894264 4096 4788 345239977 
8 0 RA C 460892272 4096 4788 345252362 
8 0 RA C 460985992 4096 4788 345261396 
8 0 RA C 460894376 4096 4788 345271856 
8 0 RA C 460976056 4096 4788 345285144 
8 0 RA C 460887720 4096 4788 345291846 
8 0 RA C 460887640 4096 4788 345302040 
8 0 RA C 460893936 4096 4788 345312629 
8 0 RA C 460986312 4096 4788 345321864 
8 0 RA C 460985776 4096 4788 345330951 
8 0 RA C 460892384 4096 4788 345339950 
8 0 RA C 460986920 4096 4788 345349056 
8 0 RA C 460892232 4096 4788 345359376 
8 0 RA C 460987152 4096 4788 345378819 
8 0 RA C 460986728 4096 4788 345396882 
8 0 RA C 460897640 4096 4788 345412923 
8 0 RA C 460986392 4096 4788 345422030 
8 0 RA C 460984904 4096 4788 345431961 
8 0 RA C 461058976 4096 4788 345442218 
8 0 RA C 460985088 4096 4788 345452501 
8 0 RA C 460984808 4096 4788 345462677 
8 0 RA C 460893800 4096 4788 345472856 
8 0 RA C 460985920 4096 4788 345483391 
8 0 RA C 460893104 4096 4788 345493918 
8 0 RA C 460987384 4096 4788 345508020 
8 0 RA C 460986472 4096 4788 345522034 
8 0 RA C 460975936 4096 4788 345532162 
8 0 RA C 460895088 4096 4788 345543123 
8 0 RA C 460985136 4096 4788 345558856 
8 0 RA C 460898048 4096 4788 345568296 
8 0 RA C 460929992 4096 4788 345578938 
8 0 RA C 460897488 4096 4788 345589187 
8 0 RA C 460893632 4096 4788 345600246 
8 0 RA C 460897440 4096 4788 345610211 
8 0 RA C 460892536 4096 4788 345622879 
8 0 RA C 460894952 4096 4788 345634910 
8 0 RA C 460895024 4096 4788 345642512 
8 0 RA C 460895168 4096 4788 345654507 
8 0 RA C 460984976 4096 4788 345665431 
8 0 RA C 460892776 4096 4788 345677202 
8 0 RA C 460894008 4096 4788 345693598 
8 0 RA C 460892544 4096 4788 345699359 
8 0 RA C 460892488 4096 4788 345709703 
8 0 RA C 460987088 4096 4788 345719895 
8 0 RA C 460986912 4096 4788 345730841 
8 0 RA C 460984592 4096 4788 345741163 
8 0 RA C 460893792 4096 4788 345751125 
8 0 RA C 460986784 4096 4788 345762947 
8 0 RA C 460892824 4096 4788 345771459 
8 0 RA C 460987232 4096 10 345795941 
8 0 RA C 460986576 4096 10 345797124 
8 0 RA C 460893424 4096 4788 345804089 
8 0 RA C 460987376 4096 4788 345822658 
8 0 RA C 460897976 4096 4788 345826121 
8 0 RA C 460892984 4096 4788 345833358 
8 0 RA C 460986640 4096 4788 345844049 
8 0 RA C 460893520 4096 4788 345853876 
8 0 RA C 460985816 4096 4788 345864988 
8 0 RA C 460985704 4096 4788 345875155 
8 0 RA C 460897896 4096 4788 345885370 
8 0 RA C 460984576 4096 4788 345896117 
8 0 RA C 460894336 4096 4788 345906350 
8 0 RA C 460947408 4096 4788 345917819 
8 0 RA C 460984776 4096 4788 345927660 
8 0 RA C 460887568 4096 4788 345937610 
8 0 RA C 460947448 4096 4788 345948132 
8 0 RA C 461059048 4096 4788 345957942 
8 0 RA C 460985608 4096 4788 345968053 
8 0 RA C 460894752 4096 4788 345978227 
8 0 RA C 460985576 4096 4788 345990838 
8 0 RA C 460894824 4096 4788 346000501 
8 0 RA C 460892968 4096 4788 346012097 
8 0 RA C 460985128 4096 4788 346021199 
8 0 RA C 460894088 4096 4788 346032681 
8 0 RA C 460887632 4096 4788 346045438 
8 0 RA C 460894760 4096 4788 346054209 
8 0 RA C 460897832 4096 4788 346063478 
8 0 RA C 460930040 4096 4788 346074262 
8 0 RA C 460984680 4096 4788 346084168 
8 0 RA C 460894064 4096 4788 346094151 
8 0 RA C 460984888 4096 4788 346104206 
8 0 RA C 460894408 4096 4788 346118780 
8 0 RA C 460986136 4096 4788 346125178 
8 0 RA C 460986664 4096 4788 346136211 
8 0 RA C 460894248 4096 4788 346146687 
8 0 RA C 460984952 4096 4788 346161945 
8 0 RA C 460986000 4096 4788 346166870 
8 0 RA C 460894472 4096 4788 346178911 
8 0 RA C 460985112 4096 4788 346200584 
8 0 RA C 460984568 4096 4788 346201793 
8 0 RA C 460898040 4096 4788 346210648 
8 0 RA C 460986832 4096 4788 346220076 
8 0 RA C 460986064 4096 4788 346230121 
8 0 RA C 460892376 4096 4788 346240393 
8 0 RA C 460892832 4096 4788 346250933 
8 0 RA C 460985056 4096 4788 346262083 
8 0 RA C 460984512 4096 4788 346271973 
8 0 RA C 460893840 4096 4788 346281950 
8 0 RA C 460984584 4096 4788 346292999 
8 0 RA C 460986744 4096 4788 346304346 
8 0 RA C 460892320 4096 4788 346313017 
8 0 RA C 460986104 4096 4788 346323094 
8 0 RA C 460987216 4096 4788 346332972 
8 0 RA C 460894016 4096 4788 346343434 
8 0 RA C 460894488 4096 4788 346353220 
8 0 RA C 460894176 4096 4788 346363228 
8 0 RA C 460894808 4096 4788 346373923 
8 0 RA C 460894416 4096 4788 346384313 
8 0 RA C 460986880 4096 4788 346397942 
8 0 RA C 460892472 4096 4788 346405405 
8 0 RA C 460985048 4096 4788 346416156 
8 0 RA C 460985072 4096 4788 346425958 
8 0 RA C 460987144 4096 4788 346435887 
8 0 RA C 460892496 4096 4788 346447955 
8 0 RA C 460893832 4096 4788 346458067 
8 0 RA C 460986544 4096 4788 346469176 
8 0 RA C 461058968 4096 4788 346479674 
8 0 RA C 460985856 4096 4788 346490118 
8 0 RA C 460984632 4096 221 346500906 
8 0 RA D 460947216 4096 221 346505120 
8 0 RA C 460887936 4096 221 346511018 
8 0 RA C 460984880 4096 4788 346520759 
8 0 RA C 460887800 4096 4788 346532350 
8 0 RA C 460987312 4096 4788 346542013 
8 0 RA D 460894768 4096 221 346545771 
8 0 RA C 460894024 4096 4788 346555957 
8 0 RA D 460897968 4096 221 346564167 
8 0 RA C 460892856 4096 4788 346571259 
8 0 RA D 460987104 4096 221 346575594 
8 0 RA C 460892864 4096 221 346579527 
8 0 RA D 460947336 4096 221 346582232 
8 0 RA C 460892424 4096 4788 346591515 
8 0 RA D 460986168 4096 221 346595852 
8 0 RA C 460986080 4096 4788 346602550 
8 0 RA D 460892840 4096 221 346606312 
8 0 RA C 460986008 4096 4788 346612631 
8 0 RA D 460984536 4096 221 346616415 
8 0 RA C 460887920 4096 4788 346622792 
8 0 RA D 460987136 4096 221 346626642 
8 0 RA C 460894584 4096 4788 346633239 
8 0 RA C 460892728 4096 4788 346642706 
8 0 RA C 460892760 4096 4788 346653340 
8 0 RA C 460984392 4096 4788 346662795 
8 0 RA D 460929928 4096 221 346666710 
8 0 RA C 460985024 4096 4788 346674133 
8 0 RA C 460984920 4096 4788 346684273 
8 0 RA D 460985712 4096 221 346688594 
8 0 RA C 460985552 4096 4788 346694560 
8 0 RA C 460985568 4096 4788 346704655 
8 0 RA D 460892992 4096 221 346709405 
8 0 RA C 460894880 4096 4788 346715460 
8 0 RA C 460893928 4096 4788 346725629 
8 0 RA D 460897704 4096 221 346730419 
8 0 RA C 460894768 4096 4788 346736638 
8 0 RA C 460985304 4096 4788 346745831 
8 0 RA D 460986144 4096 221 346749600 
8 0 RA C 460986896 4096 4788 346756945 
8 0 RA C 460894504 4096 4788 346765956 
8 0 RA C 460987104 4096 4788 346776905 
8 0 RA D 460894784 4096 221 346781034 
8 0 RA C 460985832 4096 4788 346787327 
8 0 RA C 450487448 4096 4788 346797272 
8 0 RA D 460929952 4096 221 346803447 
8 0 RA C 460986696 4096 221 346807205 
8 0 RA D 460947360 4096 221 346810524 
8 0 RA C 460897968 4096 4788 346817254 
8 0 RA D 460984384 4096 221 346822357 
8 0 RA C 460947336 4096 4788 346828342 
8 0 RA C 461059008 4096 4788 346838415 
8 0 RA D 460985360 4096 221 346842520 
8 0 RA C 460897608 4096 4788 346848277 
8 0 RA C 461058952 4096 4788 346859509 
8 0 RA D 460986296 4096 221 346863958 
8 0 RA C 460894424 4096 4788 346869954 
8 0 RA D 460986928 4096 221 346874297 
8 0 RA C 460986736 4096 4788 346880274 
8 0 RA C 460894984 4096 4788 346891046 
8 0 RA D 460887680 4096 221 346895590 
8 0 RA C 460985528 4096 4788 346901434 
8 0 RA C 460897984 4096 4788 346911029 
8 0 RA D 460892528 4096 221 346914955 
8 0 RA C 460947216 4096 4788 346921027 
8 0 RA D 460892712 4096 221 346925496 
8 0 RA C 460929928 4096 4788 346931827 
8 0 RA D 460893000 4096 221 346935019 
8 0 RA C 460986168 4096 4788 346942438 
8 0 RA D 460893432 4096 221 346946438 
8 0 RA C 460984376 4096 4788 346952241 
8 0 RA D 460893984 4096 221 346956282 
8 0 RA C 460987136 4096 4788 346961998 
8 0 RA D 460897424 4096 221 346966735 
8 0 RA C 460892696 4096 4788 346974748 
8 0 RA D 460897528 4096 221 346978833 
8 0 RA C 460929976 4096 221 346982280 
8 0 RA D 460897736 4096 221 346985854 
8 0 RA C 460892992 4096 4788 346992470 
8 0 RA D 460897840 4096 221 346997898 
8 0 RA C 460894368 4096 4788 347004188 
8 0 RA